experimentID,eventID,nodeID,requestTimeFromVM,startTimeFromLambda,newcontainer,targetStartTime
af4db3e4-2f01-40ce-bb36-c9f1f8b420a1,0,Worker1,8.228271484375,42.001220703125,0,8
af4db3e4-2f01-40ce-bb36-c9f1f8b420a1,1,Worker1,13.130126953125,37.001220703125,0,13
af4db3e4-2f01-40ce-bb36-c9f1f8b420a1,2,Worker1,27.272216796875,44.001220703125,0,27
af4db3e4-2f01-40ce-bb36-c9f1f8b420a1,3,Worker1,28.102294921875,46.001220703125,0,28
af4db3e4-2f01-40ce-bb36-c9f1f8b420a1,4,Worker1,62.205322265625,82.001220703125,0,62
af4db3e4-2f01-40ce-bb36-c9f1f8b420a1,5,Worker1,66.1943359375,178.001220703125,0,66
af4db3e4-2f01-40ce-bb36-c9f1f8b420a1,6,Worker1,78.165283203125,100.001220703125,0,78
af4db3e4-2f01-40ce-bb36-c9f1f8b420a1,7,Worker1,86.110107421875,99.001220703125,0,86
af4db3e4-2f01-40ce-bb36-c9f1f8b420a1,8,Worker1,91.1982421875,115.001220703125,0,91
af4db3e4-2f01-40ce-bb36-c9f1f8b420a1,9,Worker1,94.108154296875,124.001220703125,0,94
af4db3e4-2f01-40ce-bb36-c9f1f8b420a1,10,Worker1,95.109130859375,110.001220703125,0,95
af4db3e4-2f01-40ce-bb36-c9f1f8b420a1,11,Worker1,132.26611328125,147.001220703125,0,132
af4db3e4-2f01-40ce-bb36-c9f1f8b420a1,12,Worker1,136.210205078125,149.001220703125,0,136
af4db3e4-2f01-40ce-bb36-c9f1f8b420a1,13,Worker1,148.240234375,166.001220703125,0,148
af4db3e4-2f01-40ce-bb36-c9f1f8b420a1,14,Worker1,156.17626953125,175.001220703125,0,156
af4db3e4-2f01-40ce-bb36-c9f1f8b420a1,15,Worker1,161.107177734375,176.001220703125,0,161
af4db3e4-2f01-40ce-bb36-c9f1f8b420a1,16,Worker1,176.169189453125,187.001220703125,0,176
af4db3e4-2f01-40ce-bb36-c9f1f8b420a1,17,Worker1,186.13525390625,233.001220703125,0,186
af4db3e4-2f01-40ce-bb36-c9f1f8b420a1,18,Worker1,193.121337890625,203.001220703125,0,193
af4db3e4-2f01-40ce-bb36-c9f1f8b420a1,19,Worker1,211.21923828125,228.001220703125,0,211
af4db3e4-2f01-40ce-bb36-c9f1f8b420a1,20,Worker1,223.1162109375,238.001220703125,0,223
af4db3e4-2f01-40ce-bb36-c9f1f8b420a1,21,Worker1,231.230224609375,244.001220703125,0,231
af4db3e4-2f01-40ce-bb36-c9f1f8b420a1,22,Worker1,256.23828125,269.001220703125,0,256
af4db3e4-2f01-40ce-bb36-c9f1f8b420a1,23,Worker1,259.32421875,270.001220703125,0,259
af4db3e4-2f01-40ce-bb36-c9f1f8b420a1,24,Worker1,260.09033203125,274.001220703125,0,260
af4db3e4-2f01-40ce-bb36-c9f1f8b420a1,25,Worker1,310.09033203125,323.001220703125,0,310
af4db3e4-2f01-40ce-bb36-c9f1f8b420a1,26,Worker1,314.21533203125,326.001220703125,0,314
af4db3e4-2f01-40ce-bb36-c9f1f8b420a1,27,Worker1,316.1162109375,328.001220703125,0,316
af4db3e4-2f01-40ce-bb36-c9f1f8b420a1,28,Worker1,324.256103515625,337.001220703125,0,324
af4db3e4-2f01-40ce-bb36-c9f1f8b420a1,29,Worker1,330.18017578125,342.001220703125,0,330
af4db3e4-2f01-40ce-bb36-c9f1f8b420a1,30,Worker1,333.1123046875,349.001220703125,0,333
af4db3e4-2f01-40ce-bb36-c9f1f8b420a1,31,Worker1,335.163330078125,353.001220703125,0,335
af4db3e4-2f01-40ce-bb36-c9f1f8b420a1,32,Worker1,342.1181640625,355.001220703125,0,342
af4db3e4-2f01-40ce-bb36-c9f1f8b420a1,33,Worker1,346.126220703125,361.001220703125,0,346
af4db3e4-2f01-40ce-bb36-c9f1f8b420a1,34,Worker1,359.18115234375,371.001220703125,0,359
af4db3e4-2f01-40ce-bb36-c9f1f8b420a1,35,Worker1,368.126220703125,389.001220703125,0,368
af4db3e4-2f01-40ce-bb36-c9f1f8b420a1,36,Worker1,396.1181640625,406.001220703125,0,396
af4db3e4-2f01-40ce-bb36-c9f1f8b420a1,37,Worker1,400.2392578125,415.001220703125,0,400
af4db3e4-2f01-40ce-bb36-c9f1f8b420a1,39,Worker1,402.254150390625,416.001220703125,0,402
af4db3e4-2f01-40ce-bb36-c9f1f8b420a1,38,Worker1,402.109130859375,421.001220703125,0,402
af4db3e4-2f01-40ce-bb36-c9f1f8b420a1,40,Worker1,407.309326171875,419.001220703125,0,407
af4db3e4-2f01-40ce-bb36-c9f1f8b420a1,41,Worker1,420.1171875,436.001220703125,0,420
af4db3e4-2f01-40ce-bb36-c9f1f8b420a1,42,Worker1,421.09033203125,434.001220703125,0,421
af4db3e4-2f01-40ce-bb36-c9f1f8b420a1,43,Worker1,450.231201171875,466.001220703125,0,450
af4db3e4-2f01-40ce-bb36-c9f1f8b420a1,44,Worker1,454.142333984375,467.001220703125,0,454
af4db3e4-2f01-40ce-bb36-c9f1f8b420a1,45,Worker1,456.09423828125,483.001220703125,0,456
af4db3e4-2f01-40ce-bb36-c9f1f8b420a1,46,Worker1,463.277099609375,480.001220703125,0,463
af4db3e4-2f01-40ce-bb36-c9f1f8b420a1,47,Worker1,468.109130859375,479.001220703125,0,468
af4db3e4-2f01-40ce-bb36-c9f1f8b420a1,48,Worker1,481.210205078125,496.001220703125,0,481
af4db3e4-2f01-40ce-bb36-c9f1f8b420a1,49,Worker1,490.17822265625,504.001220703125,0,490
af4db3e4-2f01-40ce-bb36-c9f1f8b420a1,50,Worker1,521.310302734375,543.001220703125,0,521
af4db3e4-2f01-40ce-bb36-c9f1f8b420a1,51,Worker1,525.115234375,537.001220703125,0,525
af4db3e4-2f01-40ce-bb36-c9f1f8b420a1,52,Worker1,536.1162109375,550.001220703125,0,536
af4db3e4-2f01-40ce-bb36-c9f1f8b420a1,53,Worker1,536.110107421875,550.001220703125,0,536
af4db3e4-2f01-40ce-bb36-c9f1f8b420a1,54,Worker1,541.29931640625,553.001220703125,0,541
af4db3e4-2f01-40ce-bb36-c9f1f8b420a1,55,Worker1,544.111328125,556.001220703125,0,544
af4db3e4-2f01-40ce-bb36-c9f1f8b420a1,56,Worker1,546.09130859375,562.001220703125,0,546
af4db3e4-2f01-40ce-bb36-c9f1f8b420a1,57,Worker1,554.13525390625,566.001220703125,0,554
af4db3e4-2f01-40ce-bb36-c9f1f8b420a1,58,Worker1,578.2392578125,590.001220703125,0,578
af4db3e4-2f01-40ce-bb36-c9f1f8b420a1,59,Worker1,592.207275390625,605.001220703125,0,592
af4db3e4-2f01-40ce-bb36-c9f1f8b420a1,60,Worker1,602.13818359375,618.001220703125,0,602
af4db3e4-2f01-40ce-bb36-c9f1f8b420a1,61,Worker1,609.294189453125,621.001220703125,0,609
af4db3e4-2f01-40ce-bb36-c9f1f8b420a1,62,Worker1,613.297119140625,625.001220703125,0,613
af4db3e4-2f01-40ce-bb36-c9f1f8b420a1,63,Worker1,625.290283203125,636.001220703125,0,625
af4db3e4-2f01-40ce-bb36-c9f1f8b420a1,64,Worker1,626.09521484375,635.001220703125,0,626
af4db3e4-2f01-40ce-bb36-c9f1f8b420a1,65,Worker1,651.227294921875,663.001220703125,0,651
af4db3e4-2f01-40ce-bb36-c9f1f8b420a1,66,Worker1,654.22216796875,668.001220703125,0,654
af4db3e4-2f01-40ce-bb36-c9f1f8b420a1,67,Worker1,664.1572265625,678.001220703125,0,664
af4db3e4-2f01-40ce-bb36-c9f1f8b420a1,68,Worker1,671.230224609375,686.001220703125,0,671
af4db3e4-2f01-40ce-bb36-c9f1f8b420a1,69,Worker1,690.1611328125,707.001220703125,0,690
af4db3e4-2f01-40ce-bb36-c9f1f8b420a1,70,Worker1,702.152099609375,713.001220703125,0,702
af4db3e4-2f01-40ce-bb36-c9f1f8b420a1,71,Worker1,703.100341796875,716.001220703125,0,703
af4db3e4-2f01-40ce-bb36-c9f1f8b420a1,72,Worker1,729.127197265625,744.001220703125,0,729
af4db3e4-2f01-40ce-bb36-c9f1f8b420a1,73,Worker1,744.167236328125,756.001220703125,0,744
af4db3e4-2f01-40ce-bb36-c9f1f8b420a1,74,Worker1,754.2392578125,779.001220703125,0,754
af4db3e4-2f01-40ce-bb36-c9f1f8b420a1,75,Worker1,761.143310546875,775.001220703125,0,761
af4db3e4-2f01-40ce-bb36-c9f1f8b420a1,76,Worker1,781.17333984375,792.001220703125,0,781
af4db3e4-2f01-40ce-bb36-c9f1f8b420a1,77,Worker1,794.184326171875,806.001220703125,0,794
af4db3e4-2f01-40ce-bb36-c9f1f8b420a1,78,Worker1,795.09619140625,809.001220703125,0,795
af4db3e4-2f01-40ce-bb36-c9f1f8b420a1,79,Worker1,801.247314453125,814.001220703125,0,801
af4db3e4-2f01-40ce-bb36-c9f1f8b420a1,80,Worker1,804.233154296875,817.001220703125,0,804
af4db3e4-2f01-40ce-bb36-c9f1f8b420a1,81,Worker1,814.17529296875,826.001220703125,0,814
af4db3e4-2f01-40ce-bb36-c9f1f8b420a1,82,Worker1,814.164306640625,829.001220703125,0,814
af4db3e4-2f01-40ce-bb36-c9f1f8b420a1,83,Worker1,834.146240234375,846.001220703125,0,834
af4db3e4-2f01-40ce-bb36-c9f1f8b420a1,84,Worker1,836.105224609375,849.001220703125,0,836
af4db3e4-2f01-40ce-bb36-c9f1f8b420a1,85,Worker1,845.13330078125,858.001220703125,0,845
af4db3e4-2f01-40ce-bb36-c9f1f8b420a1,86,Worker1,851.115234375,862.001220703125,0,851
af4db3e4-2f01-40ce-bb36-c9f1f8b420a1,87,Worker1,867.267333984375,881.001220703125,0,867
af4db3e4-2f01-40ce-bb36-c9f1f8b420a1,88,Worker1,878.125244140625,892.001220703125,0,878
af4db3e4-2f01-40ce-bb36-c9f1f8b420a1,89,Worker1,885.1962890625,896.001220703125,0,885
af4db3e4-2f01-40ce-bb36-c9f1f8b420a1,90,Worker1,890.124267578125,902.001220703125,0,890
af4db3e4-2f01-40ce-bb36-c9f1f8b420a1,91,Worker1,893.272216796875,920.001220703125,0,893
af4db3e4-2f01-40ce-bb36-c9f1f8b420a1,92,Worker1,902.172119140625,923.001220703125,0,902
af4db3e4-2f01-40ce-bb36-c9f1f8b420a1,93,Worker1,931.22021484375,944.001220703125,0,931
af4db3e4-2f01-40ce-bb36-c9f1f8b420a1,94,Worker1,935.3232421875,947.001220703125,0,935
af4db3e4-2f01-40ce-bb36-c9f1f8b420a1,95,Worker1,946.145263671875,957.001220703125,0,946
af4db3e4-2f01-40ce-bb36-c9f1f8b420a1,96,Worker1,953.272216796875,977.001220703125,0,953
af4db3e4-2f01-40ce-bb36-c9f1f8b420a1,97,Worker1,974.197265625,986.001220703125,0,974
af4db3e4-2f01-40ce-bb36-c9f1f8b420a1,98,Worker1,987.17919921875,998.001220703125,0,987
af4db3e4-2f01-40ce-bb36-c9f1f8b420a1,99,Worker1,996.21826171875,1009.001220703125,0,996
af4db3e4-2f01-40ce-bb36-c9f1f8b420a1,100,Worker1,1002.2373046875,1023.001220703125,0,1002
af4db3e4-2f01-40ce-bb36-c9f1f8b420a1,101,Worker1,1006.171142578125,1018.001220703125,0,1006
af4db3e4-2f01-40ce-bb36-c9f1f8b420a1,102,Worker1,1008.106201171875,1020.001220703125,0,1008
af4db3e4-2f01-40ce-bb36-c9f1f8b420a1,103,Worker1,1016.191162109375,1026.001220703125,0,1016
af4db3e4-2f01-40ce-bb36-c9f1f8b420a1,104,Worker1,1021.103271484375,1033.001220703125,0,1021
af4db3e4-2f01-40ce-bb36-c9f1f8b420a1,105,Worker1,1035.210205078125,1047.001220703125,0,1035
af4db3e4-2f01-40ce-bb36-c9f1f8b420a1,106,Worker1,1036.110107421875,1046.001220703125,0,1036
af4db3e4-2f01-40ce-bb36-c9f1f8b420a1,107,Worker1,1069.313232421875,1093.001220703125,0,1069
af4db3e4-2f01-40ce-bb36-c9f1f8b420a1,108,Worker1,1073.167236328125,1086.001220703125,0,1073
af4db3e4-2f01-40ce-bb36-c9f1f8b420a1,110,Worker1,1084.14013671875,1103.001220703125,0,1084
af4db3e4-2f01-40ce-bb36-c9f1f8b420a1,109,Worker1,1084.14013671875,1103.001220703125,0,1084
af4db3e4-2f01-40ce-bb36-c9f1f8b420a1,111,Worker1,1107.18017578125,1123.001220703125,0,1107
af4db3e4-2f01-40ce-bb36-c9f1f8b420a1,112,Worker1,1110.13623046875,1122.001220703125,0,1110
af4db3e4-2f01-40ce-bb36-c9f1f8b420a1,113,Worker1,1120.2373046875,1131.001220703125,0,1120
af4db3e4-2f01-40ce-bb36-c9f1f8b420a1,114,Worker1,1126.18310546875,1140.001220703125,0,1126
af4db3e4-2f01-40ce-bb36-c9f1f8b420a1,115,Worker1,1130.209228515625,1145.001220703125,0,1130
af4db3e4-2f01-40ce-bb36-c9f1f8b420a1,116,Worker1,1142.13232421875,1155.001220703125,0,1142
af4db3e4-2f01-40ce-bb36-c9f1f8b420a1,117,Worker1,1150.143310546875,1162.001220703125,0,1150
af4db3e4-2f01-40ce-bb36-c9f1f8b420a1,118,Worker1,1174.170166015625,1197.001220703125,0,1174
af4db3e4-2f01-40ce-bb36-c9f1f8b420a1,119,Worker1,1189.11328125,1203.001220703125,0,1189
af4db3e4-2f01-40ce-bb36-c9f1f8b420a1,120,Worker1,1190.101318359375,1216.001220703125,0,1190
af4db3e4-2f01-40ce-bb36-c9f1f8b420a1,121,Worker1,1197.356201171875,1209.001220703125,0,1197
af4db3e4-2f01-40ce-bb36-c9f1f8b420a1,122,Worker1,1201.255126953125,1216.001220703125,0,1201
af4db3e4-2f01-40ce-bb36-c9f1f8b420a1,123,Worker1,1203.09912109375,1216.001220703125,0,1203
af4db3e4-2f01-40ce-bb36-c9f1f8b420a1,124,Worker1,1204.102294921875,1218.001220703125,0,1204
af4db3e4-2f01-40ce-bb36-c9f1f8b420a1,125,Worker1,1209.104248046875,1222.001220703125,0,1209
af4db3e4-2f01-40ce-bb36-c9f1f8b420a1,126,Worker1,1224.236328125,1235.001220703125,0,1224
af4db3e4-2f01-40ce-bb36-c9f1f8b420a1,127,Worker1,1225.105224609375,1242.001220703125,0,1225
af4db3e4-2f01-40ce-bb36-c9f1f8b420a1,128,Worker1,1232.130126953125,1243.001220703125,0,1232
af4db3e4-2f01-40ce-bb36-c9f1f8b420a1,129,Worker1,1236.108154296875,1250.001220703125,0,1236
af4db3e4-2f01-40ce-bb36-c9f1f8b420a1,130,Worker1,1248.121337890625,1261.001220703125,0,1248
af4db3e4-2f01-40ce-bb36-c9f1f8b420a1,131,Worker1,1249.083251953125,1260.001220703125,0,1249
af4db3e4-2f01-40ce-bb36-c9f1f8b420a1,132,Worker1,1254.152099609375,1280.001220703125,0,1254
af4db3e4-2f01-40ce-bb36-c9f1f8b420a1,133,Worker1,1257.270263671875,1270.001220703125,0,1257
af4db3e4-2f01-40ce-bb36-c9f1f8b420a1,134,Worker1,1259.110107421875,1274.001220703125,0,1259
af4db3e4-2f01-40ce-bb36-c9f1f8b420a1,135,Worker1,1259.273193359375,1279.001220703125,0,1259
af4db3e4-2f01-40ce-bb36-c9f1f8b420a1,136,Worker1,1278.162109375,1293.001220703125,0,1278
af4db3e4-2f01-40ce-bb36-c9f1f8b420a1,137,Worker1,1280.09814453125,1293.001220703125,0,1280
af4db3e4-2f01-40ce-bb36-c9f1f8b420a1,138,Worker1,1289.115234375,1310.001220703125,0,1289
af4db3e4-2f01-40ce-bb36-c9f1f8b420a1,139,Worker1,1316.146240234375,1330.001220703125,0,1316
af4db3e4-2f01-40ce-bb36-c9f1f8b420a1,140,Worker1,1332.248291015625,1395.001220703125,0,1332
af4db3e4-2f01-40ce-bb36-c9f1f8b420a1,141,Worker1,1342.109130859375,1356.001220703125,0,1342
af4db3e4-2f01-40ce-bb36-c9f1f8b420a1,142,Worker1,1342.1181640625,1359.001220703125,0,1342
af4db3e4-2f01-40ce-bb36-c9f1f8b420a1,143,Worker1,1347.270263671875,1359.001220703125,0,1347
af4db3e4-2f01-40ce-bb36-c9f1f8b420a1,144,Worker1,1350.110107421875,1361.001220703125,0,1350
af4db3e4-2f01-40ce-bb36-c9f1f8b420a1,145,Worker1,1359.19921875,1373.001220703125,0,1359
af4db3e4-2f01-40ce-bb36-c9f1f8b420a1,146,Worker1,1388.268310546875,1400.001220703125,0,1388
af4db3e4-2f01-40ce-bb36-c9f1f8b420a1,147,Worker1,1392.2412109375,1405.001220703125,0,1392
af4db3e4-2f01-40ce-bb36-c9f1f8b420a1,148,Worker1,1394.105224609375,1408.001220703125,0,1394
af4db3e4-2f01-40ce-bb36-c9f1f8b420a1,149,Worker1,1394.270263671875,1420.001220703125,0,1394
af4db3e4-2f01-40ce-bb36-c9f1f8b420a1,150,Worker1,1399.2412109375,1410.001220703125,0,1399
af4db3e4-2f01-40ce-bb36-c9f1f8b420a1,151,Worker1,1412.197265625,1424.001220703125,0,1412
af4db3e4-2f01-40ce-bb36-c9f1f8b420a1,152,Worker1,1421.108154296875,1434.001220703125,0,1421
af4db3e4-2f01-40ce-bb36-c9f1f8b420a1,153,Worker1,1451.16015625,1465.001220703125,0,1451
af4db3e4-2f01-40ce-bb36-c9f1f8b420a1,154,Worker1,1468.146240234375,1481.001220703125,0,1468
af4db3e4-2f01-40ce-bb36-c9f1f8b420a1,155,Worker1,1470.09033203125,1479.001220703125,0,1470
af4db3e4-2f01-40ce-bb36-c9f1f8b420a1,156,Worker1,1477.333251953125,1490.001220703125,0,1477
af4db3e4-2f01-40ce-bb36-c9f1f8b420a1,157,Worker1,1499.146240234375,1515.001220703125,0,1499
af4db3e4-2f01-40ce-bb36-c9f1f8b420a1,158,Worker1,1513.17626953125,1524.001220703125,0,1513
af4db3e4-2f01-40ce-bb36-c9f1f8b420a1,159,Worker1,1522.16015625,1533.001220703125,0,1522
af4db3e4-2f01-40ce-bb36-c9f1f8b420a1,160,Worker1,1528.100341796875,1546.001220703125,0,1528
af4db3e4-2f01-40ce-bb36-c9f1f8b420a1,161,Worker1,1545.30517578125,1557.001220703125,0,1545
af4db3e4-2f01-40ce-bb36-c9f1f8b420a1,162,Worker1,1556.152099609375,1570.001220703125,0,1556
af4db3e4-2f01-40ce-bb36-c9f1f8b420a1,163,Worker1,1564.270263671875,1576.001220703125,0,1564
af4db3e4-2f01-40ce-bb36-c9f1f8b420a1,164,Worker1,1569.1171875,1586.001220703125,0,1569
af4db3e4-2f01-40ce-bb36-c9f1f8b420a1,165,Worker1,1572.22314453125,1585.001220703125,0,1572
af4db3e4-2f01-40ce-bb36-c9f1f8b420a1,166,Worker1,1581.30712890625,1597.001220703125,0,1581
af4db3e4-2f01-40ce-bb36-c9f1f8b420a1,167,Worker1,1587.119140625,1613.001220703125,0,1587
af4db3e4-2f01-40ce-bb36-c9f1f8b420a1,168,Worker1,1605.15625,1620.001220703125,0,1605
af4db3e4-2f01-40ce-bb36-c9f1f8b420a1,169,Worker1,1616.1533203125,1627.001220703125,0,1616
af4db3e4-2f01-40ce-bb36-c9f1f8b420a1,170,Worker1,1616.16015625,1629.001220703125,0,1616
af4db3e4-2f01-40ce-bb36-c9f1f8b420a1,171,Worker1,1621.152099609375,1630.001220703125,0,1621
af4db3e4-2f01-40ce-bb36-c9f1f8b420a1,172,Worker1,1635.13818359375,1648.001220703125,0,1635
af4db3e4-2f01-40ce-bb36-c9f1f8b420a1,173,Worker1,1645.1162109375,1659.001220703125,0,1645
af4db3e4-2f01-40ce-bb36-c9f1f8b420a1,174,Worker1,1681.21728515625,1693.001220703125,0,1681
af4db3e4-2f01-40ce-bb36-c9f1f8b420a1,175,Worker1,1699.246337890625,1709.001220703125,0,1699
af4db3e4-2f01-40ce-bb36-c9f1f8b420a1,176,Worker1,1711.128173828125,1723.001220703125,0,1711
af4db3e4-2f01-40ce-bb36-c9f1f8b420a1,177,Worker1,1712.09814453125,1723.001220703125,0,1712
af4db3e4-2f01-40ce-bb36-c9f1f8b420a1,178,Worker1,1717.357177734375,1730.001220703125,0,1717
af4db3e4-2f01-40ce-bb36-c9f1f8b420a1,179,Worker1,1732.225341796875,1761.001220703125,0,1732
af4db3e4-2f01-40ce-bb36-c9f1f8b420a1,180,Worker1,1742.121337890625,1755.001220703125,0,1742
af4db3e4-2f01-40ce-bb36-c9f1f8b420a1,181,Worker1,1784.14013671875,1803.001220703125,0,1784
af4db3e4-2f01-40ce-bb36-c9f1f8b420a1,182,Worker1,1803.247314453125,1823.001220703125,0,1803
af4db3e4-2f01-40ce-bb36-c9f1f8b420a1,183,Worker1,1815.233154296875,1856.001220703125,0,1815
af4db3e4-2f01-40ce-bb36-c9f1f8b420a1,184,Worker1,1816.09228515625,1827.001220703125,0,1816
af4db3e4-2f01-40ce-bb36-c9f1f8b420a1,185,Worker1,1821.229248046875,1834.001220703125,0,1821
af4db3e4-2f01-40ce-bb36-c9f1f8b420a1,186,Worker1,1836.15625,1848.001220703125,0,1836
af4db3e4-2f01-40ce-bb36-c9f1f8b420a1,187,Worker1,1846.17333984375,1858.001220703125,0,1846
af4db3e4-2f01-40ce-bb36-c9f1f8b420a1,188,Worker1,1899.244140625,1922.001220703125,0,1899
af4db3e4-2f01-40ce-bb36-c9f1f8b420a1,189,Worker1,1918.187255859375,1930.001220703125,0,1918
af4db3e4-2f01-40ce-bb36-c9f1f8b420a1,190,Worker1,1920.11328125,1931.001220703125,0,1920
af4db3e4-2f01-40ce-bb36-c9f1f8b420a1,191,Worker1,1921.100341796875,1932.001220703125,0,1921
af4db3e4-2f01-40ce-bb36-c9f1f8b420a1,192,Worker1,1947.165283203125,1960.001220703125,0,1947
af4db3e4-2f01-40ce-bb36-c9f1f8b420a1,193,Worker1,1962.150146484375,1974.001220703125,0,1962
af4db3e4-2f01-40ce-bb36-c9f1f8b420a1,194,Worker1,1964.100341796875,1975.001220703125,0,1964
af4db3e4-2f01-40ce-bb36-c9f1f8b420a1,195,Worker1,1971.13916015625,1984.001220703125,0,1971
af4db3e4-2f01-40ce-bb36-c9f1f8b420a1,196,Worker1,1976.17626953125,1989.001220703125,0,1976
af4db3e4-2f01-40ce-bb36-c9f1f8b420a1,197,Worker1,1978.1123046875,1991.001220703125,0,1978
af4db3e4-2f01-40ce-bb36-c9f1f8b420a1,198,Worker1,1979.088134765625,1990.001220703125,0,1979
af4db3e4-2f01-40ce-bb36-c9f1f8b420a1,199,Worker1,2007.18212890625,2017.001220703125,0,2007
af4db3e4-2f01-40ce-bb36-c9f1f8b420a1,200,Worker1,2023.1591796875,2036.001220703125,0,2023
af4db3e4-2f01-40ce-bb36-c9f1f8b420a1,201,Worker1,2025.110107421875,2036.001220703125,0,2025
af4db3e4-2f01-40ce-bb36-c9f1f8b420a1,202,Worker1,2032.190185546875,2044.001220703125,0,2032
af4db3e4-2f01-40ce-bb36-c9f1f8b420a1,203,Worker1,2053.253173828125,2064.001220703125,0,2053
af4db3e4-2f01-40ce-bb36-c9f1f8b420a1,204,Worker1,2066.2021484375,2083.001220703125,0,2066
af4db3e4-2f01-40ce-bb36-c9f1f8b420a1,205,Worker1,2075.15625,2092.001220703125,0,2075
af4db3e4-2f01-40ce-bb36-c9f1f8b420a1,206,Worker1,2104.297119140625,2118.001220703125,0,2104
af4db3e4-2f01-40ce-bb36-c9f1f8b420a1,207,Worker1,2120.203125,2131.001220703125,0,2120
af4db3e4-2f01-40ce-bb36-c9f1f8b420a1,208,Worker1,2131.3271484375,2145.001220703125,0,2131
af4db3e4-2f01-40ce-bb36-c9f1f8b420a1,209,Worker1,2131.331298828125,2146.001220703125,0,2131
af4db3e4-2f01-40ce-bb36-c9f1f8b420a1,210,Worker1,2136.126220703125,2149.001220703125,0,2136
af4db3e4-2f01-40ce-bb36-c9f1f8b420a1,211,Worker1,2149.249267578125,2164.001220703125,0,2149
af4db3e4-2f01-40ce-bb36-c9f1f8b420a1,212,Worker1,2158.13232421875,2172.001220703125,0,2158
af4db3e4-2f01-40ce-bb36-c9f1f8b420a1,213,Worker1,2189.1142578125,2203.001220703125,0,2189
af4db3e4-2f01-40ce-bb36-c9f1f8b420a1,214,Worker1,2193.18212890625,2206.001220703125,0,2193
af4db3e4-2f01-40ce-bb36-c9f1f8b420a1,215,Worker1,2204.1591796875,2217.001220703125,0,2204
af4db3e4-2f01-40ce-bb36-c9f1f8b420a1,216,Worker1,2212.189208984375,2225.001220703125,0,2212
af4db3e4-2f01-40ce-bb36-c9f1f8b420a1,217,Worker1,2217.13623046875,2229.001220703125,0,2217
af4db3e4-2f01-40ce-bb36-c9f1f8b420a1,218,Worker1,2231.13623046875,2243.001220703125,0,2231
af4db3e4-2f01-40ce-bb36-c9f1f8b420a1,219,Worker1,2243.254150390625,2256.001220703125,0,2243
af4db3e4-2f01-40ce-bb36-c9f1f8b420a1,220,Worker1,2251.1201171875,2264.001220703125,0,2251
af4db3e4-2f01-40ce-bb36-c9f1f8b420a1,221,Worker1,2256.272216796875,2268.001220703125,0,2256
af4db3e4-2f01-40ce-bb36-c9f1f8b420a1,222,Worker1,2259.17822265625,2272.001220703125,0,2259
af4db3e4-2f01-40ce-bb36-c9f1f8b420a1,223,Worker1,2260.103271484375,2272.001220703125,0,2260
af4db3e4-2f01-40ce-bb36-c9f1f8b420a1,224,Worker1,2297.148193359375,2310.001220703125,0,2297
af4db3e4-2f01-40ce-bb36-c9f1f8b420a1,225,Worker1,2315.13525390625,2349.001220703125,0,2315
af4db3e4-2f01-40ce-bb36-c9f1f8b420a1,226,Worker1,2327.167236328125,2339.001220703125,0,2327
af4db3e4-2f01-40ce-bb36-c9f1f8b420a1,227,Worker1,2328.09130859375,2339.001220703125,0,2328
af4db3e4-2f01-40ce-bb36-c9f1f8b420a1,228,Worker1,2333.21728515625,2352.001220703125,0,2333
af4db3e4-2f01-40ce-bb36-c9f1f8b420a1,229,Worker1,2348.26318359375,2362.001220703125,0,2348
af4db3e4-2f01-40ce-bb36-c9f1f8b420a1,230,Worker1,2358.201171875,2377.001220703125,0,2358
af4db3e4-2f01-40ce-bb36-c9f1f8b420a1,231,Worker1,2405.26318359375,2423.001220703125,0,2405
af4db3e4-2f01-40ce-bb36-c9f1f8b420a1,232,Worker1,2424.270263671875,2436.001220703125,0,2424
af4db3e4-2f01-40ce-bb36-c9f1f8b420a1,233,Worker1,2436.17529296875,2447.001220703125,0,2436
af4db3e4-2f01-40ce-bb36-c9f1f8b420a1,234,Worker1,2437.09619140625,2454.001220703125,0,2437
af4db3e4-2f01-40ce-bb36-c9f1f8b420a1,235,Worker1,2463.256103515625,2477.001220703125,0,2463
af4db3e4-2f01-40ce-bb36-c9f1f8b420a1,236,Worker1,2466.130126953125,2484.001220703125,0,2466
af4db3e4-2f01-40ce-bb36-c9f1f8b420a1,237,Worker1,2476.1572265625,2489.001220703125,0,2476
af4db3e4-2f01-40ce-bb36-c9f1f8b420a1,238,Worker1,2533.21826171875,2547.001220703125,0,2533
af4db3e4-2f01-40ce-bb36-c9f1f8b420a1,239,Worker1,2552.17822265625,2565.001220703125,0,2552
af4db3e4-2f01-40ce-bb36-c9f1f8b420a1,240,Worker1,2554.1142578125,2630.001220703125,0,2554
af4db3e4-2f01-40ce-bb36-c9f1f8b420a1,241,Worker1,2562.14013671875,2573.001220703125,0,2562
af4db3e4-2f01-40ce-bb36-c9f1f8b420a1,242,Worker1,2588.142333984375,2599.001220703125,0,2588
af4db3e4-2f01-40ce-bb36-c9f1f8b420a1,243,Worker1,2604.2041015625,2642.001220703125,0,2604
af4db3e4-2f01-40ce-bb36-c9f1f8b420a1,245,Worker1,2614.207275390625,2627.001220703125,0,2614
af4db3e4-2f01-40ce-bb36-c9f1f8b420a1,244,Worker1,2614.22021484375,2628.001220703125,0,2614
af4db3e4-2f01-40ce-bb36-c9f1f8b420a1,246,Worker1,2634.25830078125,2647.001220703125,0,2634
af4db3e4-2f01-40ce-bb36-c9f1f8b420a1,247,Worker1,2637.09619140625,2655.001220703125,0,2637
af4db3e4-2f01-40ce-bb36-c9f1f8b420a1,248,Worker1,2646.1943359375,2659.001220703125,0,2646
af4db3e4-2f01-40ce-bb36-c9f1f8b420a1,249,Worker1,2674.228271484375,2688.001220703125,0,2674
af4db3e4-2f01-40ce-bb36-c9f1f8b420a1,250,Worker1,2678.14111328125,2690.001220703125,0,2678
af4db3e4-2f01-40ce-bb36-c9f1f8b420a1,252,Worker1,2689.1181640625,2723.001220703125,0,2689
af4db3e4-2f01-40ce-bb36-c9f1f8b420a1,251,Worker1,2689.115234375,2704.001220703125,0,2689
af4db3e4-2f01-40ce-bb36-c9f1f8b420a1,253,Worker1,2694.17919921875,2708.001220703125,0,2694
af4db3e4-2f01-40ce-bb36-c9f1f8b420a1,254,Worker1,2697.111328125,2713.001220703125,0,2697
af4db3e4-2f01-40ce-bb36-c9f1f8b420a1,255,Worker1,2706.1982421875,2720.001220703125,0,2706
af4db3e4-2f01-40ce-bb36-c9f1f8b420a1,256,Worker1,2712.250244140625,2726.001220703125,0,2712
af4db3e4-2f01-40ce-bb36-c9f1f8b420a1,257,Worker1,2716.25732421875,2728.001220703125,0,2716
af4db3e4-2f01-40ce-bb36-c9f1f8b420a1,258,Worker1,2727.244140625,2740.001220703125,0,2727
af4db3e4-2f01-40ce-bb36-c9f1f8b420a1,259,Worker1,2734.184326171875,2748.001220703125,0,2734
af4db3e4-2f01-40ce-bb36-c9f1f8b420a1,260,Worker1,2756.142333984375,2780.001220703125,0,2756
af4db3e4-2f01-40ce-bb36-c9f1f8b420a1,261,Worker1,2759.1943359375,2774.001220703125,0,2759
af4db3e4-2f01-40ce-bb36-c9f1f8b420a1,262,Worker1,2760.09228515625,2773.001220703125,0,2760
af4db3e4-2f01-40ce-bb36-c9f1f8b420a1,263,Worker1,2766.30712890625,2780.001220703125,0,2766
af4db3e4-2f01-40ce-bb36-c9f1f8b420a1,264,Worker1,2770.187255859375,2787.001220703125,0,2770
af4db3e4-2f01-40ce-bb36-c9f1f8b420a1,265,Worker1,2772.105224609375,2784.001220703125,0,2772
af4db3e4-2f01-40ce-bb36-c9f1f8b420a1,266,Worker1,2780.193115234375,2792.001220703125,0,2780
af4db3e4-2f01-40ce-bb36-c9f1f8b420a1,267,Worker1,2802.1171875,2815.001220703125,0,2802
af4db3e4-2f01-40ce-bb36-c9f1f8b420a1,268,Worker1,2816.21923828125,2829.001220703125,0,2816
af4db3e4-2f01-40ce-bb36-c9f1f8b420a1,269,Worker1,2825.22216796875,2836.001220703125,0,2825
af4db3e4-2f01-40ce-bb36-c9f1f8b420a1,270,Worker1,2857.151123046875,2870.001220703125,0,2857
af4db3e4-2f01-40ce-bb36-c9f1f8b420a1,271,Worker1,2861.234130859375,2885.001220703125,0,2861
af4db3e4-2f01-40ce-bb36-c9f1f8b420a1,272,Worker1,2873.2421875,2888.001220703125,0,2873
af4db3e4-2f01-40ce-bb36-c9f1f8b420a1,273,Worker1,2881.192138671875,2892.001220703125,0,2881
af4db3e4-2f01-40ce-bb36-c9f1f8b420a1,274,Worker1,2886.1181640625,2926.001220703125,0,2886
af4db3e4-2f01-40ce-bb36-c9f1f8b420a1,275,Worker1,2889.109130859375,2902.001220703125,0,2889
af4db3e4-2f01-40ce-bb36-c9f1f8b420a1,276,Worker1,2899.253173828125,2912.001220703125,0,2899
af4db3e4-2f01-40ce-bb36-c9f1f8b420a1,277,Worker1,2935.30615234375,2947.001220703125,0,2935
af4db3e4-2f01-40ce-bb36-c9f1f8b420a1,278,Worker1,2953.213134765625,2967.001220703125,0,2953
af4db3e4-2f01-40ce-bb36-c9f1f8b420a1,279,Worker1,2955.1162109375,2966.001220703125,0,2955
af4db3e4-2f01-40ce-bb36-c9f1f8b420a1,280,Worker1,2963.167236328125,2976.001220703125,0,2963
af4db3e4-2f01-40ce-bb36-c9f1f8b420a1,281,Worker1,2987.18115234375,2999.001220703125,0,2987
af4db3e4-2f01-40ce-bb36-c9f1f8b420a1,282,Worker1,3002.231201171875,3026.001220703125,0,3002
af4db3e4-2f01-40ce-bb36-c9f1f8b420a1,283,Worker1,3012.26123046875,3024.001220703125,0,3012
af4db3e4-2f01-40ce-bb36-c9f1f8b420a1,284,Worker1,3053.336181640625,3066.001220703125,0,3053
af4db3e4-2f01-40ce-bb36-c9f1f8b420a1,285,Worker1,3057.213134765625,3070.001220703125,0,3057
af4db3e4-2f01-40ce-bb36-c9f1f8b420a1,286,Worker1,3069.145263671875,3083.001220703125,0,3069
af4db3e4-2f01-40ce-bb36-c9f1f8b420a1,287,Worker1,3070.09814453125,3084.001220703125,0,3070
af4db3e4-2f01-40ce-bb36-c9f1f8b420a1,288,Worker1,3095.256103515625,3107.001220703125,0,3095
af4db3e4-2f01-40ce-bb36-c9f1f8b420a1,289,Worker1,3110.26416015625,3122.001220703125,0,3110
af4db3e4-2f01-40ce-bb36-c9f1f8b420a1,290,Worker1,3120.244140625,3135.001220703125,0,3120
af4db3e4-2f01-40ce-bb36-c9f1f8b420a1,291,Worker1,3127.105224609375,3138.001220703125,0,3127
af4db3e4-2f01-40ce-bb36-c9f1f8b420a1,292,Worker1,3131.1201171875,3145.001220703125,0,3131
af4db3e4-2f01-40ce-bb36-c9f1f8b420a1,293,Worker1,3143.1181640625,3162.001220703125,0,3143
af4db3e4-2f01-40ce-bb36-c9f1f8b420a1,294,Worker1,3144.09423828125,3163.001220703125,0,3144
af4db3e4-2f01-40ce-bb36-c9f1f8b420a1,295,Worker1,3150.115234375,3162.001220703125,0,3150
af4db3e4-2f01-40ce-bb36-c9f1f8b420a1,296,Worker1,3165.148193359375,3177.001220703125,0,3165
af4db3e4-2f01-40ce-bb36-c9f1f8b420a1,297,Worker1,3167.1162109375,3181.001220703125,0,3167
af4db3e4-2f01-40ce-bb36-c9f1f8b420a1,298,Worker1,3167.129150390625,3179.001220703125,0,3167
af4db3e4-2f01-40ce-bb36-c9f1f8b420a1,299,Worker1,3187.17724609375,3201.001220703125,0,3187
af4db3e4-2f01-40ce-bb36-c9f1f8b420a1,300,Worker1,3200.254150390625,3213.001220703125,0,3200
af4db3e4-2f01-40ce-bb36-c9f1f8b420a1,301,Worker1,3209.110107421875,3221.001220703125,0,3209
af4db3e4-2f01-40ce-bb36-c9f1f8b420a1,302,Worker1,3236.228271484375,3250.001220703125,0,3236
af4db3e4-2f01-40ce-bb36-c9f1f8b420a1,303,Worker1,3252.17919921875,3265.001220703125,0,3252
af4db3e4-2f01-40ce-bb36-c9f1f8b420a1,305,Worker1,3263.230224609375,3280.001220703125,0,3263
af4db3e4-2f01-40ce-bb36-c9f1f8b420a1,304,Worker1,3263.227294921875,3282.001220703125,0,3263
af4db3e4-2f01-40ce-bb36-c9f1f8b420a1,306,Worker1,3283.457275390625,3295.001220703125,0,3283
af4db3e4-2f01-40ce-bb36-c9f1f8b420a1,307,Worker1,3296.146240234375,3309.001220703125,0,3296
af4db3e4-2f01-40ce-bb36-c9f1f8b420a1,308,Worker1,3297.09814453125,3308.001220703125,0,3297
af4db3e4-2f01-40ce-bb36-c9f1f8b420a1,309,Worker1,3303.105224609375,3317.001220703125,0,3303
af4db3e4-2f01-40ce-bb36-c9f1f8b420a1,310,Worker1,3307.111328125,3323.001220703125,0,3307
af4db3e4-2f01-40ce-bb36-c9f1f8b420a1,311,Worker1,3318.361328125,3331.001220703125,0,3318
af4db3e4-2f01-40ce-bb36-c9f1f8b420a1,312,Worker1,3325.2373046875,3335.001220703125,0,3325
af4db3e4-2f01-40ce-bb36-c9f1f8b420a1,313,Worker1,3330.1181640625,3353.001220703125,0,3330
af4db3e4-2f01-40ce-bb36-c9f1f8b420a1,314,Worker1,3333.191162109375,3347.001220703125,0,3333
af4db3e4-2f01-40ce-bb36-c9f1f8b420a1,315,Worker1,3342.227294921875,3362.001220703125,0,3342
af4db3e4-2f01-40ce-bb36-c9f1f8b420a1,316,Worker1,3348.107177734375,3361.001220703125,0,3348
af4db3e4-2f01-40ce-bb36-c9f1f8b420a1,317,Worker1,3352.1142578125,3367.001220703125,0,3352
af4db3e4-2f01-40ce-bb36-c9f1f8b420a1,318,Worker1,3363.229248046875,3384.001220703125,0,3363
af4db3e4-2f01-40ce-bb36-c9f1f8b420a1,319,Worker1,3370.111328125,3382.001220703125,0,3370
af4db3e4-2f01-40ce-bb36-c9f1f8b420a1,320,Worker1,3375.1982421875,3388.001220703125,0,3375
af4db3e4-2f01-40ce-bb36-c9f1f8b420a1,321,Worker1,3378.26123046875,3394.001220703125,0,3378
af4db3e4-2f01-40ce-bb36-c9f1f8b420a1,322,Worker1,3379.09716796875,3403.001220703125,0,3379
af4db3e4-2f01-40ce-bb36-c9f1f8b420a1,323,Worker1,3411.142333984375,3423.001220703125,0,3411
af4db3e4-2f01-40ce-bb36-c9f1f8b420a1,324,Worker1,3428.26318359375,3438.001220703125,0,3428
af4db3e4-2f01-40ce-bb36-c9f1f8b420a1,325,Worker1,3439.3671875,3452.001220703125,0,3439
af4db3e4-2f01-40ce-bb36-c9f1f8b420a1,326,Worker1,3447.322265625,3460.001220703125,0,3447
af4db3e4-2f01-40ce-bb36-c9f1f8b420a1,327,Worker1,3469.185302734375,3481.001220703125,0,3469
af4db3e4-2f01-40ce-bb36-c9f1f8b420a1,328,Worker1,3472.125244140625,3483.001220703125,0,3472
af4db3e4-2f01-40ce-bb36-c9f1f8b420a1,329,Worker1,3473.09228515625,3484.001220703125,0,3473
af4db3e4-2f01-40ce-bb36-c9f1f8b420a1,330,Worker1,3479.255126953125,3493.001220703125,0,3479
af4db3e4-2f01-40ce-bb36-c9f1f8b420a1,331,Worker1,3483.351318359375,3494.001220703125,0,3483
af4db3e4-2f01-40ce-bb36-c9f1f8b420a1,332,Worker1,3494.1982421875,3504.001220703125,0,3494
af4db3e4-2f01-40ce-bb36-c9f1f8b420a1,333,Worker1,3502.2392578125,3515.001220703125,0,3502
af4db3e4-2f01-40ce-bb36-c9f1f8b420a1,334,Worker1,3507.184326171875,3520.001220703125,0,3507
af4db3e4-2f01-40ce-bb36-c9f1f8b420a1,335,Worker1,3510.103271484375,3535.001220703125,0,3510
af4db3e4-2f01-40ce-bb36-c9f1f8b420a1,336,Worker1,3511.078125,3525.001220703125,0,3511
af4db3e4-2f01-40ce-bb36-c9f1f8b420a1,337,Worker1,3549.2861328125,3562.001220703125,0,3549
af4db3e4-2f01-40ce-bb36-c9f1f8b420a1,338,Worker1,3553.106201171875,3565.001220703125,0,3553
af4db3e4-2f01-40ce-bb36-c9f1f8b420a1,339,Worker1,3565.28515625,3577.001220703125,0,3565
af4db3e4-2f01-40ce-bb36-c9f1f8b420a1,340,Worker1,3566.102294921875,3578.001220703125,0,3566
af4db3e4-2f01-40ce-bb36-c9f1f8b420a1,341,Worker1,3571.131103515625,3582.001220703125,0,3571
af4db3e4-2f01-40ce-bb36-c9f1f8b420a1,342,Worker1,3586.256103515625,3602.001220703125,0,3586
af4db3e4-2f01-40ce-bb36-c9f1f8b420a1,343,Worker1,3587.09619140625,3600.001220703125,0,3587
af4db3e4-2f01-40ce-bb36-c9f1f8b420a1,344,Worker1,3630.274169921875,3657.001220703125,0,3630
af4db3e4-2f01-40ce-bb36-c9f1f8b420a1,345,Worker1,3634.128173828125,3646.001220703125,0,3634
af4db3e4-2f01-40ce-bb36-c9f1f8b420a1,346,Worker1,3636.18310546875,3649.001220703125,0,3636
af4db3e4-2f01-40ce-bb36-c9f1f8b420a1,347,Worker1,3637.09814453125,3648.001220703125,0,3637
af4db3e4-2f01-40ce-bb36-c9f1f8b420a1,348,Worker1,3662.1552734375,3671.001220703125,0,3662
af4db3e4-2f01-40ce-bb36-c9f1f8b420a1,349,Worker1,3665.1982421875,3686.001220703125,0,3665
af4db3e4-2f01-40ce-bb36-c9f1f8b420a1,350,Worker1,3675.207275390625,3688.001220703125,0,3675
af4db3e4-2f01-40ce-bb36-c9f1f8b420a1,351,Worker1,3682.1162109375,3695.001220703125,0,3682
af4db3e4-2f01-40ce-bb36-c9f1f8b420a1,352,Worker1,3686.186279296875,3701.001220703125,0,3686
af4db3e4-2f01-40ce-bb36-c9f1f8b420a1,353,Worker1,3688.09228515625,3724.001220703125,0,3688
af4db3e4-2f01-40ce-bb36-c9f1f8b420a1,354,Worker1,3696.15625,3707.001220703125,0,3696
af4db3e4-2f01-40ce-bb36-c9f1f8b420a1,355,Worker1,3722.150146484375,3736.001220703125,0,3722
af4db3e4-2f01-40ce-bb36-c9f1f8b420a1,356,Worker1,3737.28125,3752.001220703125,0,3737
af4db3e4-2f01-40ce-bb36-c9f1f8b420a1,357,Worker1,3739.1162109375,3753.001220703125,0,3739
af4db3e4-2f01-40ce-bb36-c9f1f8b420a1,358,Worker1,3746.205322265625,3757.001220703125,0,3746
af4db3e4-2f01-40ce-bb36-c9f1f8b420a1,359,Worker1,3766.28515625,3778.001220703125,0,3766
af4db3e4-2f01-40ce-bb36-c9f1f8b420a1,360,Worker1,3779.109130859375,3805.001220703125,0,3779
af4db3e4-2f01-40ce-bb36-c9f1f8b420a1,361,Worker1,3780.083251953125,3794.001220703125,0,3780
af4db3e4-2f01-40ce-bb36-c9f1f8b420a1,362,Worker1,3808.17919921875,3821.001220703125,0,3808
af4db3e4-2f01-40ce-bb36-c9f1f8b420a1,363,Worker1,3824.334228515625,3840.001220703125,0,3824
af4db3e4-2f01-40ce-bb36-c9f1f8b420a1,364,Worker1,3826.1162109375,3838.001220703125,0,3826
af4db3e4-2f01-40ce-bb36-c9f1f8b420a1,365,Worker1,3833.2373046875,3840.001220703125,0,3833
af4db3e4-2f01-40ce-bb36-c9f1f8b420a1,366,Worker1,3838.293212890625,3852.001220703125,0,3838
af4db3e4-2f01-40ce-bb36-c9f1f8b420a1,367,Worker1,3841.115234375,3853.001220703125,0,3841
af4db3e4-2f01-40ce-bb36-c9f1f8b420a1,368,Worker1,3842.085205078125,3857.001220703125,0,3842
af4db3e4-2f01-40ce-bb36-c9f1f8b420a1,369,Worker1,3871.236328125,3884.001220703125,0,3871
af4db3e4-2f01-40ce-bb36-c9f1f8b420a1,370,Worker1,3875.2841796875,3888.001220703125,0,3875
af4db3e4-2f01-40ce-bb36-c9f1f8b420a1,371,Worker1,3886.121337890625,3904.001220703125,0,3886
af4db3e4-2f01-40ce-bb36-c9f1f8b420a1,372,Worker1,3886.129150390625,3899.001220703125,0,3886
af4db3e4-2f01-40ce-bb36-c9f1f8b420a1,373,Worker1,3891.296142578125,3906.001220703125,0,3891
af4db3e4-2f01-40ce-bb36-c9f1f8b420a1,374,Worker1,3894.102294921875,3908.001220703125,0,3894
af4db3e4-2f01-40ce-bb36-c9f1f8b420a1,375,Worker1,3895.089111328125,3908.001220703125,0,3895
af4db3e4-2f01-40ce-bb36-c9f1f8b420a1,376,Worker1,3926.244140625,4013.001220703125,0,3926
af4db3e4-2f01-40ce-bb36-c9f1f8b420a1,377,Worker1,3931.154296875,3941.001220703125,0,3931
af4db3e4-2f01-40ce-bb36-c9f1f8b420a1,378,Worker1,3934.148193359375,3948.001220703125,0,3934
af4db3e4-2f01-40ce-bb36-c9f1f8b420a1,379,Worker1,3943.1591796875,3956.001220703125,0,3943
af4db3e4-2f01-40ce-bb36-c9f1f8b420a1,380,Worker1,3949.09814453125,4002.001220703125,0,3949
af4db3e4-2f01-40ce-bb36-c9f1f8b420a1,381,Worker1,3967.129150390625,3981.001220703125,0,3967
af4db3e4-2f01-40ce-bb36-c9f1f8b420a1,382,Worker1,3979.26318359375,3992.001220703125,0,3979
af4db3e4-2f01-40ce-bb36-c9f1f8b420a1,383,Worker1,3979.256103515625,3994.001220703125,0,3979
af4db3e4-2f01-40ce-bb36-c9f1f8b420a1,384,Worker1,3984.144287109375,3997.001220703125,0,3984
af4db3e4-2f01-40ce-bb36-c9f1f8b420a1,385,Worker1,3998.232177734375,4012.001220703125,0,3998
af4db3e4-2f01-40ce-bb36-c9f1f8b420a1,386,Worker1,3999.09423828125,4013.001220703125,0,3999
af4db3e4-2f01-40ce-bb36-c9f1f8b420a1,387,Worker1,4006.210205078125,4019.001220703125,0,4006
af4db3e4-2f01-40ce-bb36-c9f1f8b420a1,388,Worker1,4024.397216796875,4041.001220703125,0,4024
af4db3e4-2f01-40ce-bb36-c9f1f8b420a1,389,Worker1,4026.09716796875,4040.001220703125,0,4026
af4db3e4-2f01-40ce-bb36-c9f1f8b420a1,390,Worker1,4034.205322265625,4050.001220703125,0,4034
af4db3e4-2f01-40ce-bb36-c9f1f8b420a1,391,Worker1,4058.150146484375,4069.001220703125,0,4058
af4db3e4-2f01-40ce-bb36-c9f1f8b420a1,392,Worker1,4061.09619140625,4076.001220703125,0,4061
af4db3e4-2f01-40ce-bb36-c9f1f8b420a1,393,Worker1,4071.268310546875,4093.001220703125,0,4071
af4db3e4-2f01-40ce-bb36-c9f1f8b420a1,394,Worker1,4116.269287109375,4127.001220703125,0,4116
af4db3e4-2f01-40ce-bb36-c9f1f8b420a1,395,Worker1,4120.206298828125,4133.001220703125,0,4120
af4db3e4-2f01-40ce-bb36-c9f1f8b420a1,396,Worker1,4122.111328125,4137.001220703125,0,4122
af4db3e4-2f01-40ce-bb36-c9f1f8b420a1,397,Worker1,4125.93212890625,4142.001220703125,0,4123
af4db3e4-2f01-40ce-bb36-c9f1f8b420a1,398,Worker1,4148.295166015625,4161.001220703125,0,4148
af4db3e4-2f01-40ce-bb36-c9f1f8b420a1,399,Worker1,4151.228271484375,4162.001220703125,0,4151
af4db3e4-2f01-40ce-bb36-c9f1f8b420a1,400,Worker1,4161.1943359375,4191.001220703125,0,4161
af4db3e4-2f01-40ce-bb36-c9f1f8b420a1,401,Worker1,4213.209228515625,4229.001220703125,0,4213
af4db3e4-2f01-40ce-bb36-c9f1f8b420a1,402,Worker1,4217.1201171875,4256.001220703125,0,4217
af4db3e4-2f01-40ce-bb36-c9f1f8b420a1,403,Worker1,4229.251220703125,4241.001220703125,0,4229
af4db3e4-2f01-40ce-bb36-c9f1f8b420a1,404,Worker1,4230.087158203125,4242.001220703125,0,4230
af4db3e4-2f01-40ce-bb36-c9f1f8b420a1,405,Worker1,4257.236328125,4267.001220703125,0,4257
af4db3e4-2f01-40ce-bb36-c9f1f8b420a1,406,Worker1,4272.36328125,4285.001220703125,0,4272
af4db3e4-2f01-40ce-bb36-c9f1f8b420a1,408,Worker1,4282.188232421875,4295.001220703125,0,4282
af4db3e4-2f01-40ce-bb36-c9f1f8b420a1,407,Worker1,4282.203125,4295.001220703125,0,4282
af4db3e4-2f01-40ce-bb36-c9f1f8b420a1,409,Worker1,4302.148193359375,4313.001220703125,0,4302
af4db3e4-2f01-40ce-bb36-c9f1f8b420a1,410,Worker1,4315.171142578125,4327.001220703125,0,4315
af4db3e4-2f01-40ce-bb36-c9f1f8b420a1,411,Worker1,4316.09912109375,4329.001220703125,0,4316
af4db3e4-2f01-40ce-bb36-c9f1f8b420a1,412,Worker1,4344.21630859375,4357.001220703125,0,4344
af4db3e4-2f01-40ce-bb36-c9f1f8b420a1,413,Worker1,4360.267333984375,4371.001220703125,0,4360
af4db3e4-2f01-40ce-bb36-c9f1f8b420a1,414,Worker1,4362.109130859375,4376.001220703125,0,4362
af4db3e4-2f01-40ce-bb36-c9f1f8b420a1,415,Worker1,4369.101318359375,4393.001220703125,0,4369
af4db3e4-2f01-40ce-bb36-c9f1f8b420a1,416,Worker1,4374.2431640625,4385.001220703125,0,4374
af4db3e4-2f01-40ce-bb36-c9f1f8b420a1,417,Worker1,4387.312255859375,4403.001220703125,0,4387
af4db3e4-2f01-40ce-bb36-c9f1f8b420a1,418,Worker1,4388.085205078125,4403.001220703125,0,4388
af4db3e4-2f01-40ce-bb36-c9f1f8b420a1,419,Worker1,4418.151123046875,4430.001220703125,0,4418
af4db3e4-2f01-40ce-bb36-c9f1f8b420a1,420,Worker1,4422.147216796875,4436.001220703125,0,4422
af4db3e4-2f01-40ce-bb36-c9f1f8b420a1,422,Worker1,4424.13330078125,4436.001220703125,0,4424
af4db3e4-2f01-40ce-bb36-c9f1f8b420a1,421,Worker1,4424.11328125,4442.001220703125,0,4424
af4db3e4-2f01-40ce-bb36-c9f1f8b420a1,423,Worker1,4445.214111328125,4457.001220703125,0,4445
af4db3e4-2f01-40ce-bb36-c9f1f8b420a1,424,Worker1,4448.246337890625,4459.001220703125,0,4448
af4db3e4-2f01-40ce-bb36-c9f1f8b420a1,425,Worker1,4457.125244140625,4470.001220703125,0,4457
af4db3e4-2f01-40ce-bb36-c9f1f8b420a1,426,Worker1,4463.290283203125,4484.001220703125,0,4463
af4db3e4-2f01-40ce-bb36-c9f1f8b420a1,427,Worker1,4480.251220703125,4492.001220703125,0,4480
af4db3e4-2f01-40ce-bb36-c9f1f8b420a1,428,Worker1,4482.109130859375,4495.001220703125,0,4482
af4db3e4-2f01-40ce-bb36-c9f1f8b420a1,429,Worker1,4490.2041015625,4504.001220703125,0,4490
af4db3e4-2f01-40ce-bb36-c9f1f8b420a1,430,Worker1,4495.146240234375,4505.001220703125,0,4495
af4db3e4-2f01-40ce-bb36-c9f1f8b420a1,431,Worker1,4509.236328125,4520.001220703125,0,4509
af4db3e4-2f01-40ce-bb36-c9f1f8b420a1,432,Worker1,4518.1552734375,4544.001220703125,0,4518
af4db3e4-2f01-40ce-bb36-c9f1f8b420a1,433,Worker1,4552.279296875,4575.001220703125,0,4552
af4db3e4-2f01-40ce-bb36-c9f1f8b420a1,434,Worker1,4556.17919921875,4570.001220703125,0,4556
af4db3e4-2f01-40ce-bb36-c9f1f8b420a1,435,Worker1,4558.1142578125,4569.001220703125,0,4558
af4db3e4-2f01-40ce-bb36-c9f1f8b420a1,436,Worker1,4566.192138671875,4579.001220703125,0,4566
af4db3e4-2f01-40ce-bb36-c9f1f8b420a1,437,Worker1,4589.122314453125,4601.001220703125,0,4589
af4db3e4-2f01-40ce-bb36-c9f1f8b420a1,438,Worker1,4603.14111328125,4623.001220703125,0,4603
af4db3e4-2f01-40ce-bb36-c9f1f8b420a1,439,Worker1,4604.107177734375,4616.001220703125,0,4604
af4db3e4-2f01-40ce-bb36-c9f1f8b420a1,440,Worker1,4610.145263671875,4632.001220703125,0,4610
af4db3e4-2f01-40ce-bb36-c9f1f8b420a1,441,Worker1,4614.127197265625,4638.001220703125,0,4614
af4db3e4-2f01-40ce-bb36-c9f1f8b420a1,442,Worker1,4616.111328125,4631.001220703125,0,4616
af4db3e4-2f01-40ce-bb36-c9f1f8b420a1,443,Worker1,4617.105224609375,4627.001220703125,0,4617
af4db3e4-2f01-40ce-bb36-c9f1f8b420a1,444,Worker1,4641.1611328125,4652.001220703125,0,4641
af4db3e4-2f01-40ce-bb36-c9f1f8b420a1,445,Worker1,4644.1162109375,4655.001220703125,0,4644
af4db3e4-2f01-40ce-bb36-c9f1f8b420a1,446,Worker1,4645.101318359375,4660.001220703125,0,4645
af4db3e4-2f01-40ce-bb36-c9f1f8b420a1,447,Worker1,4684.187255859375,4698.001220703125,0,4684
af4db3e4-2f01-40ce-bb36-c9f1f8b420a1,448,Worker1,4702.146240234375,4713.001220703125,0,4702
af4db3e4-2f01-40ce-bb36-c9f1f8b420a1,449,Worker1,4714.17529296875,4725.001220703125,0,4714
af4db3e4-2f01-40ce-bb36-c9f1f8b420a1,450,Worker1,4715.100341796875,4730.001220703125,0,4715
af4db3e4-2f01-40ce-bb36-c9f1f8b420a1,451,Worker1,4740.356201171875,4752.001220703125,0,4740
af4db3e4-2f01-40ce-bb36-c9f1f8b420a1,452,Worker1,4743.142333984375,4755.001220703125,0,4743
af4db3e4-2f01-40ce-bb36-c9f1f8b420a1,453,Worker1,4753.14013671875,4767.001220703125,0,4753
af4db3e4-2f01-40ce-bb36-c9f1f8b420a1,454,Worker1,4760.214111328125,4773.001220703125,0,4760
af4db3e4-2f01-40ce-bb36-c9f1f8b420a1,455,Worker1,4779.121337890625,4790.001220703125,0,4779
af4db3e4-2f01-40ce-bb36-c9f1f8b420a1,456,Worker1,4781.108154296875,4794.001220703125,0,4781
af4db3e4-2f01-40ce-bb36-c9f1f8b420a1,457,Worker1,4789.228271484375,4801.001220703125,0,4789
af4db3e4-2f01-40ce-bb36-c9f1f8b420a1,458,Worker1,4795.290283203125,4805.001220703125,0,4795
af4db3e4-2f01-40ce-bb36-c9f1f8b420a1,459,Worker1,4810.09814453125,4823.001220703125,0,4810
af4db3e4-2f01-40ce-bb36-c9f1f8b420a1,460,Worker1,4812.109130859375,4824.001220703125,0,4812
af4db3e4-2f01-40ce-bb36-c9f1f8b420a1,461,Worker1,4819.144287109375,4836.001220703125,0,4819
af4db3e4-2f01-40ce-bb36-c9f1f8b420a1,462,Worker1,4824.1162109375,4838.001220703125,0,4824
af4db3e4-2f01-40ce-bb36-c9f1f8b420a1,463,Worker1,4826.09326171875,4837.001220703125,0,4826
af4db3e4-2f01-40ce-bb36-c9f1f8b420a1,464,Worker1,4835.148193359375,4851.001220703125,0,4835
af4db3e4-2f01-40ce-bb36-c9f1f8b420a1,465,Worker1,4862.2451171875,4873.001220703125,0,4862
af4db3e4-2f01-40ce-bb36-c9f1f8b420a1,466,Worker1,4878.230224609375,4904.001220703125,0,4878
af4db3e4-2f01-40ce-bb36-c9f1f8b420a1,467,Worker1,4889.100341796875,4902.001220703125,0,4889
af4db3e4-2f01-40ce-bb36-c9f1f8b420a1,468,Worker1,4889.250244140625,4904.001220703125,0,4889
af4db3e4-2f01-40ce-bb36-c9f1f8b420a1,469,Worker1,4894.21826171875,4908.001220703125,0,4894
af4db3e4-2f01-40ce-bb36-c9f1f8b420a1,470,Worker1,4907.2421875,4921.001220703125,0,4907
af4db3e4-2f01-40ce-bb36-c9f1f8b420a1,471,Worker1,4916.145263671875,4926.001220703125,0,4916
af4db3e4-2f01-40ce-bb36-c9f1f8b420a1,472,Worker1,4944.165283203125,4968.001220703125,0,4944
af4db3e4-2f01-40ce-bb36-c9f1f8b420a1,473,Worker1,4960.414306640625,4984.001220703125,0,4960
af4db3e4-2f01-40ce-bb36-c9f1f8b420a1,475,Worker1,4971.312255859375,4987.001220703125,0,4971
af4db3e4-2f01-40ce-bb36-c9f1f8b420a1,474,Worker1,4971.13720703125,4984.001220703125,0,4971
af4db3e4-2f01-40ce-bb36-c9f1f8b420a1,476,Worker1,4992.2841796875,5005.001220703125,0,4992
af4db3e4-2f01-40ce-bb36-c9f1f8b420a1,477,Worker1,4995.22314453125,5008.001220703125,0,4995
af4db3e4-2f01-40ce-bb36-c9f1f8b420a1,478,Worker1,4996.09619140625,5007.001220703125,0,4996
af4db3e4-2f01-40ce-bb36-c9f1f8b420a1,479,Worker1,5027.17822265625,5043.001220703125,0,5027
af4db3e4-2f01-40ce-bb36-c9f1f8b420a1,480,Worker1,5031.13525390625,5048.001220703125,0,5031
af4db3e4-2f01-40ce-bb36-c9f1f8b420a1,481,Worker1,5033.122314453125,5044.001220703125,0,5033
af4db3e4-2f01-40ce-bb36-c9f1f8b420a1,482,Worker1,5033.14111328125,5045.001220703125,0,5033
af4db3e4-2f01-40ce-bb36-c9f1f8b420a1,483,Worker1,5038.18310546875,5051.001220703125,0,5038
af4db3e4-2f01-40ce-bb36-c9f1f8b420a1,484,Worker1,5051.317138671875,5064.001220703125,0,5051
af4db3e4-2f01-40ce-bb36-c9f1f8b420a1,485,Worker1,5052.100341796875,5066.001220703125,0,5052
af4db3e4-2f01-40ce-bb36-c9f1f8b420a1,486,Worker1,5058.13818359375,5083.001220703125,0,5058
af4db3e4-2f01-40ce-bb36-c9f1f8b420a1,487,Worker1,5062.151123046875,5084.001220703125,0,5062
af4db3e4-2f01-40ce-bb36-c9f1f8b420a1,488,Worker1,5073.149169921875,5084.001220703125,0,5073
af4db3e4-2f01-40ce-bb36-c9f1f8b420a1,489,Worker1,5081.235107421875,5091.001220703125,0,5081
af4db3e4-2f01-40ce-bb36-c9f1f8b420a1,490,Worker1,5086.18017578125,5099.001220703125,0,5086
af4db3e4-2f01-40ce-bb36-c9f1f8b420a1,491,Worker1,5100.3203125,5113.001220703125,0,5100
af4db3e4-2f01-40ce-bb36-c9f1f8b420a1,492,Worker1,5109.249267578125,5133.001220703125,0,5109
af4db3e4-2f01-40ce-bb36-c9f1f8b420a1,493,Worker1,5142.148193359375,5156.001220703125,0,5142
af4db3e4-2f01-40ce-bb36-c9f1f8b420a1,494,Worker1,5160.26318359375,5184.001220703125,0,5160
af4db3e4-2f01-40ce-bb36-c9f1f8b420a1,495,Worker1,5172.14111328125,5183.001220703125,0,5172
af4db3e4-2f01-40ce-bb36-c9f1f8b420a1,496,Worker1,5180.129150390625,5192.001220703125,0,5180
af4db3e4-2f01-40ce-bb36-c9f1f8b420a1,497,Worker1,5203.23828125,5217.001220703125,0,5203
af4db3e4-2f01-40ce-bb36-c9f1f8b420a1,498,Worker1,5217.361328125,5243.001220703125,0,5217
af4db3e4-2f01-40ce-bb36-c9f1f8b420a1,499,Worker1,5227.123291015625,5245.001220703125,0,5227
af4db3e4-2f01-40ce-bb36-c9f1f8b420a1,500,Worker1,5265.18017578125,5278.001220703125,0,5265
af4db3e4-2f01-40ce-bb36-c9f1f8b420a1,501,Worker1,5283.207275390625,5296.001220703125,0,5283
af4db3e4-2f01-40ce-bb36-c9f1f8b420a1,502,Worker1,5285.109130859375,5297.001220703125,0,5285
af4db3e4-2f01-40ce-bb36-c9f1f8b420a1,503,Worker1,5293.256103515625,5304.001220703125,0,5293
af4db3e4-2f01-40ce-bb36-c9f1f8b420a1,504,Worker1,5317.190185546875,5330.001220703125,0,5317
af4db3e4-2f01-40ce-bb36-c9f1f8b420a1,505,Worker1,5320.122314453125,5333.001220703125,0,5320
af4db3e4-2f01-40ce-bb36-c9f1f8b420a1,506,Worker1,5321.09814453125,5333.001220703125,0,5321
af4db3e4-2f01-40ce-bb36-c9f1f8b420a1,507,Worker1,5362.17919921875,5374.001220703125,0,5362
af4db3e4-2f01-40ce-bb36-c9f1f8b420a1,508,Worker1,5381.297119140625,5394.001220703125,0,5381
af4db3e4-2f01-40ce-bb36-c9f1f8b420a1,509,Worker1,5393.330322265625,5407.001220703125,0,5393
af4db3e4-2f01-40ce-bb36-c9f1f8b420a1,510,Worker1,5394.108154296875,5408.001220703125,0,5394
af4db3e4-2f01-40ce-bb36-c9f1f8b420a1,511,Worker1,5399.102294921875,5412.001220703125,0,5399
af4db3e4-2f01-40ce-bb36-c9f1f8b420a1,512,Worker1,5414.2421875,5427.001220703125,0,5414
af4db3e4-2f01-40ce-bb36-c9f1f8b420a1,513,Worker1,5424.167236328125,5437.001220703125,0,5424
af4db3e4-2f01-40ce-bb36-c9f1f8b420a1,514,Worker1,5431.17919921875,5445.001220703125,0,5431
af4db3e4-2f01-40ce-bb36-c9f1f8b420a1,515,Worker1,5435.11328125,5449.001220703125,0,5435
af4db3e4-2f01-40ce-bb36-c9f1f8b420a1,516,Worker1,5447.2861328125,5471.001220703125,0,5447
af4db3e4-2f01-40ce-bb36-c9f1f8b420a1,517,Worker1,5456.122314453125,5467.001220703125,0,5456
af4db3e4-2f01-40ce-bb36-c9f1f8b420a1,518,Worker1,5483.294189453125,5504.001220703125,0,5483
af4db3e4-2f01-40ce-bb36-c9f1f8b420a1,519,Worker1,5498.14013671875,5509.001220703125,0,5498
af4db3e4-2f01-40ce-bb36-c9f1f8b420a1,520,Worker1,5500.104248046875,5514.001220703125,0,5500
af4db3e4-2f01-40ce-bb36-c9f1f8b420a1,521,Worker1,5507.244140625,5533.001220703125,0,5507
af4db3e4-2f01-40ce-bb36-c9f1f8b420a1,522,Worker1,5511.190185546875,5525.001220703125,0,5511
af4db3e4-2f01-40ce-bb36-c9f1f8b420a1,523,Worker1,5524.254150390625,5537.001220703125,0,5524
af4db3e4-2f01-40ce-bb36-c9f1f8b420a1,524,Worker1,5533.230224609375,5546.001220703125,0,5533
af4db3e4-2f01-40ce-bb36-c9f1f8b420a1,525,Worker1,5560.14013671875,5573.001220703125,0,5560
af4db3e4-2f01-40ce-bb36-c9f1f8b420a1,526,Worker1,5576.253173828125,5589.001220703125,0,5576
af4db3e4-2f01-40ce-bb36-c9f1f8b420a1,527,Worker1,5587.228271484375,5600.001220703125,0,5587
af4db3e4-2f01-40ce-bb36-c9f1f8b420a1,528,Worker1,5587.47314453125,5603.001220703125,0,5587
af4db3e4-2f01-40ce-bb36-c9f1f8b420a1,529,Worker1,5592.28125,5600.001220703125,0,5592
af4db3e4-2f01-40ce-bb36-c9f1f8b420a1,530,Worker1,5596.09521484375,5608.001220703125,0,5596
af4db3e4-2f01-40ce-bb36-c9f1f8b420a1,531,Worker1,5607.125244140625,5630.001220703125,0,5607
af4db3e4-2f01-40ce-bb36-c9f1f8b420a1,532,Worker1,5614.21826171875,5626.001220703125,0,5614
af4db3e4-2f01-40ce-bb36-c9f1f8b420a1,533,Worker1,5636.34228515625,5647.001220703125,0,5636
af4db3e4-2f01-40ce-bb36-c9f1f8b420a1,534,Worker1,5639.201171875,5663.001220703125,0,5639
af4db3e4-2f01-40ce-bb36-c9f1f8b420a1,535,Worker1,5648.101318359375,5659.001220703125,0,5648
af4db3e4-2f01-40ce-bb36-c9f1f8b420a1,536,Worker1,5681.158203125,5703.001220703125,0,5681
af4db3e4-2f01-40ce-bb36-c9f1f8b420a1,537,Worker1,5698.21533203125,5710.001220703125,0,5698
af4db3e4-2f01-40ce-bb36-c9f1f8b420a1,538,Worker1,5700.11328125,5711.001220703125,0,5700
af4db3e4-2f01-40ce-bb36-c9f1f8b420a1,539,Worker1,5708.361328125,5721.001220703125,0,5708
af4db3e4-2f01-40ce-bb36-c9f1f8b420a1,540,Worker1,5713.311279296875,5725.001220703125,0,5713
af4db3e4-2f01-40ce-bb36-c9f1f8b420a1,541,Worker1,5727.115234375,5739.001220703125,0,5727
af4db3e4-2f01-40ce-bb36-c9f1f8b420a1,542,Worker1,5728.102294921875,5743.001220703125,0,5728
af4db3e4-2f01-40ce-bb36-c9f1f8b420a1,543,Worker1,5762.248291015625,5833.001220703125,0,5762
af4db3e4-2f01-40ce-bb36-c9f1f8b420a1,544,Worker1,5780.22216796875,5793.001220703125,0,5780
af4db3e4-2f01-40ce-bb36-c9f1f8b420a1,545,Worker1,5782.109130859375,5794.001220703125,0,5782
af4db3e4-2f01-40ce-bb36-c9f1f8b420a1,546,Worker1,5782.30517578125,5793.001220703125,0,5782
af4db3e4-2f01-40ce-bb36-c9f1f8b420a1,547,Worker1,5787.100341796875,5798.001220703125,0,5787
af4db3e4-2f01-40ce-bb36-c9f1f8b420a1,548,Worker1,5790.22021484375,5803.001220703125,0,5790
af4db3e4-2f01-40ce-bb36-c9f1f8b420a1,549,Worker1,5791.104248046875,5803.001220703125,0,5791
af4db3e4-2f01-40ce-bb36-c9f1f8b420a1,550,Worker1,5832.1962890625,5843.001220703125,0,5832
af4db3e4-2f01-40ce-bb36-c9f1f8b420a1,551,Worker1,5850.1142578125,5872.001220703125,0,5850
af4db3e4-2f01-40ce-bb36-c9f1f8b420a1,552,Worker1,5862.203125,5873.001220703125,0,5862
af4db3e4-2f01-40ce-bb36-c9f1f8b420a1,553,Worker1,5863.09912109375,5876.001220703125,0,5863
af4db3e4-2f01-40ce-bb36-c9f1f8b420a1,554,Worker1,5888.214111328125,5903.001220703125,0,5888
af4db3e4-2f01-40ce-bb36-c9f1f8b420a1,555,Worker1,5903.28125,5919.001220703125,0,5903
af4db3e4-2f01-40ce-bb36-c9f1f8b420a1,556,Worker1,5904.111328125,5916.001220703125,0,5904
af4db3e4-2f01-40ce-bb36-c9f1f8b420a1,557,Worker1,5911.255126953125,5933.001220703125,0,5911
af4db3e4-2f01-40ce-bb36-c9f1f8b420a1,558,Worker1,5915.13525390625,5929.001220703125,0,5915
af4db3e4-2f01-40ce-bb36-c9f1f8b420a1,559,Worker1,5927.379150390625,5938.001220703125,0,5927
af4db3e4-2f01-40ce-bb36-c9f1f8b420a1,560,Worker1,5935.288330078125,5964.001220703125,0,5935
af4db3e4-2f01-40ce-bb36-c9f1f8b420a1,561,Worker1,5961.254150390625,5974.001220703125,0,5961
af4db3e4-2f01-40ce-bb36-c9f1f8b420a1,562,Worker1,5964.17822265625,5979.001220703125,0,5964
af4db3e4-2f01-40ce-bb36-c9f1f8b420a1,563,Worker1,5974.21533203125,5986.001220703125,0,5974
af4db3e4-2f01-40ce-bb36-c9f1f8b420a1,564,Worker1,5981.22314453125,5992.001220703125,0,5981
af4db3e4-2f01-40ce-bb36-c9f1f8b420a1,565,Worker1,5985.26611328125,6013.001220703125,0,5985
af4db3e4-2f01-40ce-bb36-c9f1f8b420a1,566,Worker1,5987.109130859375,6081.001220703125,0,5987
af4db3e4-2f01-40ce-bb36-c9f1f8b420a1,567,Worker1,5988.105224609375,6002.001220703125,0,5988
af4db3e4-2f01-40ce-bb36-c9f1f8b420a1,568,Worker1,6014.151123046875,6026.001220703125,0,6014
af4db3e4-2f01-40ce-bb36-c9f1f8b420a1,569,Worker1,6017.193115234375,6042.001220703125,0,6017
af4db3e4-2f01-40ce-bb36-c9f1f8b420a1,570,Worker1,6019.109130859375,6032.001220703125,0,6019
af4db3e4-2f01-40ce-bb36-c9f1f8b420a1,571,Worker1,6026.15625,6038.001220703125,0,6026
af4db3e4-2f01-40ce-bb36-c9f1f8b420a1,572,Worker1,6030.107177734375,6042.001220703125,0,6030
af4db3e4-2f01-40ce-bb36-c9f1f8b420a1,573,Worker1,6043.17529296875,6063.001220703125,0,6043
af4db3e4-2f01-40ce-bb36-c9f1f8b420a1,574,Worker1,6052.15625,6063.001220703125,0,6052
af4db3e4-2f01-40ce-bb36-c9f1f8b420a1,575,Worker1,6080.13720703125,6094.001220703125,0,6080
af4db3e4-2f01-40ce-bb36-c9f1f8b420a1,576,Worker1,6084.1171875,6097.001220703125,0,6084
af4db3e4-2f01-40ce-bb36-c9f1f8b420a1,577,Worker1,6095.145263671875,6120.001220703125,0,6095
af4db3e4-2f01-40ce-bb36-c9f1f8b420a1,578,Worker1,6102.311279296875,6124.001220703125,0,6102
af4db3e4-2f01-40ce-bb36-c9f1f8b420a1,579,Worker1,6123.1962890625,6133.001220703125,0,6123
af4db3e4-2f01-40ce-bb36-c9f1f8b420a1,580,Worker1,6136.125244140625,6147.001220703125,0,6136
af4db3e4-2f01-40ce-bb36-c9f1f8b420a1,581,Worker1,6145.314208984375,6254.001220703125,0,6145
af4db3e4-2f01-40ce-bb36-c9f1f8b420a1,582,Worker1,6174.154296875,6188.001220703125,0,6174
af4db3e4-2f01-40ce-bb36-c9f1f8b420a1,583,Worker1,6178.13232421875,6188.001220703125,0,6178
af4db3e4-2f01-40ce-bb36-c9f1f8b420a1,585,Worker1,6180.106201171875,6193.001220703125,0,6180
af4db3e4-2f01-40ce-bb36-c9f1f8b420a1,584,Worker1,6180.1162109375,6203.001220703125,0,6180
af4db3e4-2f01-40ce-bb36-c9f1f8b420a1,586,Worker1,6201.162109375,6213.001220703125,0,6201
af4db3e4-2f01-40ce-bb36-c9f1f8b420a1,587,Worker1,6204.1171875,6217.001220703125,0,6204
af4db3e4-2f01-40ce-bb36-c9f1f8b420a1,588,Worker1,6205.09619140625,6219.001220703125,0,6205
af4db3e4-2f01-40ce-bb36-c9f1f8b420a1,589,Worker1,6236.2373046875,6248.001220703125,0,6236
af4db3e4-2f01-40ce-bb36-c9f1f8b420a1,590,Worker1,6253.193115234375,6264.001220703125,0,6253
af4db3e4-2f01-40ce-bb36-c9f1f8b420a1,591,Worker1,6264.378173828125,6283.001220703125,0,6264
af4db3e4-2f01-40ce-bb36-c9f1f8b420a1,592,Worker1,6272.192138671875,6285.001220703125,0,6272
af4db3e4-2f01-40ce-bb36-c9f1f8b420a1,593,Worker1,6277.30615234375,6288.001220703125,0,6277
af4db3e4-2f01-40ce-bb36-c9f1f8b420a1,594,Worker1,6291.333251953125,6308.001220703125,0,6291
af4db3e4-2f01-40ce-bb36-c9f1f8b420a1,595,Worker1,6300.186279296875,6324.001220703125,0,6300
af4db3e4-2f01-40ce-bb36-c9f1f8b420a1,596,Worker1,6306.151123046875,6319.001220703125,0,6306
af4db3e4-2f01-40ce-bb36-c9f1f8b420a1,597,Worker1,6310.355224609375,6323.001220703125,0,6310
af4db3e4-2f01-40ce-bb36-c9f1f8b420a1,598,Worker1,6322.205322265625,6337.001220703125,0,6322
af4db3e4-2f01-40ce-bb36-c9f1f8b420a1,599,Worker1,6330.144287109375,6340.001220703125,0,6330
af4db3e4-2f01-40ce-bb36-c9f1f8b420a1,600,Worker1,6353.331298828125,6364.001220703125,0,6353
af4db3e4-2f01-40ce-bb36-c9f1f8b420a1,601,Worker1,6367.1201171875,6379.001220703125,0,6367
af4db3e4-2f01-40ce-bb36-c9f1f8b420a1,602,Worker1,6368.09228515625,6381.001220703125,0,6368
af4db3e4-2f01-40ce-bb36-c9f1f8b420a1,603,Worker1,6403.294189453125,6417.001220703125,0,6403
af4db3e4-2f01-40ce-bb36-c9f1f8b420a1,604,Worker1,6407.240234375,6427.001220703125,0,6407
af4db3e4-2f01-40ce-bb36-c9f1f8b420a1,605,Worker1,6419.331298828125,6433.001220703125,0,6419
af4db3e4-2f01-40ce-bb36-c9f1f8b420a1,606,Worker1,6427.19921875,6453.001220703125,0,6427
af4db3e4-2f01-40ce-bb36-c9f1f8b420a1,607,Worker1,6432.288330078125,6449.001220703125,0,6432
af4db3e4-2f01-40ce-bb36-c9f1f8b420a1,608,Worker1,6435.109130859375,6448.001220703125,0,6435
af4db3e4-2f01-40ce-bb36-c9f1f8b420a1,609,Worker1,6436.09326171875,6449.001220703125,0,6436
af4db3e4-2f01-40ce-bb36-c9f1f8b420a1,610,Worker1,6443.26416015625,6453.001220703125,0,6443
af4db3e4-2f01-40ce-bb36-c9f1f8b420a1,611,Worker1,6461.13818359375,6474.001220703125,0,6461
af4db3e4-2f01-40ce-bb36-c9f1f8b420a1,612,Worker1,6463.100341796875,6474.001220703125,0,6463
af4db3e4-2f01-40ce-bb36-c9f1f8b420a1,613,Worker1,6464.101318359375,6480.001220703125,0,6464
af4db3e4-2f01-40ce-bb36-c9f1f8b420a1,614,Worker1,6489.234130859375,6504.001220703125,0,6489
af4db3e4-2f01-40ce-bb36-c9f1f8b420a1,615,Worker1,6504.26123046875,6519.001220703125,0,6504
af4db3e4-2f01-40ce-bb36-c9f1f8b420a1,616,Worker1,6514.129150390625,6526.001220703125,0,6514
af4db3e4-2f01-40ce-bb36-c9f1f8b420a1,617,Worker1,6561.2392578125,6584.001220703125,0,6561
af4db3e4-2f01-40ce-bb36-c9f1f8b420a1,618,Worker1,6580.143310546875,6592.001220703125,0,6580
af4db3e4-2f01-40ce-bb36-c9f1f8b420a1,619,Worker1,6592.1552734375,6604.001220703125,0,6592
af4db3e4-2f01-40ce-bb36-c9f1f8b420a1,620,Worker1,6600.232177734375,6614.001220703125,0,6600
af4db3e4-2f01-40ce-bb36-c9f1f8b420a1,621,Worker1,6606.1943359375,6617.001220703125,0,6606
af4db3e4-2f01-40ce-bb36-c9f1f8b420a1,622,Worker1,6621.148193359375,6633.001220703125,0,6621
af4db3e4-2f01-40ce-bb36-c9f1f8b420a1,623,Worker1,6623.107177734375,6634.001220703125,0,6623
af4db3e4-2f01-40ce-bb36-c9f1f8b420a1,624,Worker1,6630.1171875,6640.001220703125,0,6630
af4db3e4-2f01-40ce-bb36-c9f1f8b420a1,625,Worker1,6634.130126953125,6644.001220703125,0,6634
af4db3e4-2f01-40ce-bb36-c9f1f8b420a1,626,Worker1,6647.162109375,6659.001220703125,0,6647
af4db3e4-2f01-40ce-bb36-c9f1f8b420a1,627,Worker1,6648.100341796875,6671.001220703125,0,6648
af4db3e4-2f01-40ce-bb36-c9f1f8b420a1,628,Worker1,6675.30419921875,6690.001220703125,0,6675
af4db3e4-2f01-40ce-bb36-c9f1f8b420a1,629,Worker1,6691.150146484375,6703.001220703125,0,6691
af4db3e4-2f01-40ce-bb36-c9f1f8b420a1,631,Worker1,6701.124267578125,6714.001220703125,0,6701
af4db3e4-2f01-40ce-bb36-c9f1f8b420a1,630,Worker1,6701.122314453125,6713.001220703125,0,6701
af4db3e4-2f01-40ce-bb36-c9f1f8b420a1,632,Worker1,6721.252197265625,6733.001220703125,0,6721
af4db3e4-2f01-40ce-bb36-c9f1f8b420a1,633,Worker1,6734.246337890625,6748.001220703125,0,6734
af4db3e4-2f01-40ce-bb36-c9f1f8b420a1,634,Worker1,6743.2802734375,6755.001220703125,0,6743
af4db3e4-2f01-40ce-bb36-c9f1f8b420a1,635,Worker1,6772.17626953125,6786.001220703125,0,6772
af4db3e4-2f01-40ce-bb36-c9f1f8b420a1,636,Worker1,6776.25927734375,6791.001220703125,0,6776
af4db3e4-2f01-40ce-bb36-c9f1f8b420a1,637,Worker1,6778.09326171875,6794.001220703125,0,6778
af4db3e4-2f01-40ce-bb36-c9f1f8b420a1,638,Worker1,6785.254150390625,6800.001220703125,0,6785
af4db3e4-2f01-40ce-bb36-c9f1f8b420a1,639,Worker1,6790.206298828125,6803.001220703125,0,6790
af4db3e4-2f01-40ce-bb36-c9f1f8b420a1,640,Worker1,6803.268310546875,6814.001220703125,0,6803
af4db3e4-2f01-40ce-bb36-c9f1f8b420a1,641,Worker1,6812.274169921875,6822.001220703125,0,6812
af4db3e4-2f01-40ce-bb36-c9f1f8b420a1,642,Worker1,6842.234130859375,6855.001220703125,0,6842
af4db3e4-2f01-40ce-bb36-c9f1f8b420a1,643,Worker1,6846.1171875,6879.001220703125,0,6846
af4db3e4-2f01-40ce-bb36-c9f1f8b420a1,644,Worker1,6848.1171875,6860.001220703125,0,6848
af4db3e4-2f01-40ce-bb36-c9f1f8b420a1,645,Worker1,6848.111328125,6857.001220703125,0,6848
af4db3e4-2f01-40ce-bb36-c9f1f8b420a1,646,Worker1,6869.267333984375,6878.001220703125,0,6869
af4db3e4-2f01-40ce-bb36-c9f1f8b420a1,647,Worker1,6872.1201171875,6882.001220703125,0,6872
af4db3e4-2f01-40ce-bb36-c9f1f8b420a1,648,Worker1,6881.167236328125,6891.001220703125,0,6881
af4db3e4-2f01-40ce-bb36-c9f1f8b420a1,649,Worker1,6887.214111328125,6899.001220703125,0,6887
af4db3e4-2f01-40ce-bb36-c9f1f8b420a1,650,Worker1,6891.154296875,6903.001220703125,0,6891
af4db3e4-2f01-40ce-bb36-c9f1f8b420a1,651,Worker1,6893.09130859375,6909.001220703125,0,6893
af4db3e4-2f01-40ce-bb36-c9f1f8b420a1,652,Worker1,6901.271240234375,6917.001220703125,0,6901
af4db3e4-2f01-40ce-bb36-c9f1f8b420a1,653,Worker1,6923.149169921875,6934.001220703125,0,6923
af4db3e4-2f01-40ce-bb36-c9f1f8b420a1,654,Worker1,6937.287109375,6948.001220703125,0,6937
af4db3e4-2f01-40ce-bb36-c9f1f8b420a1,655,Worker1,6946.1982421875,6960.001220703125,0,6946
af4db3e4-2f01-40ce-bb36-c9f1f8b420a1,656,Worker1,6952.104248046875,6964.001220703125,0,6952
af4db3e4-2f01-40ce-bb36-c9f1f8b420a1,657,Worker1,6956.295166015625,6975.001220703125,0,6956
af4db3e4-2f01-40ce-bb36-c9f1f8b420a1,658,Worker1,6968.102294921875,6979.001220703125,0,6968
af4db3e4-2f01-40ce-bb36-c9f1f8b420a1,659,Worker1,6976.247314453125,6987.001220703125,0,6976
af4db3e4-2f01-40ce-bb36-c9f1f8b420a1,660,Worker1,6981.1982421875,6994.001220703125,0,6981
af4db3e4-2f01-40ce-bb36-c9f1f8b420a1,661,Worker1,6995.225341796875,7022.001220703125,0,6995
af4db3e4-2f01-40ce-bb36-c9f1f8b420a1,662,Worker1,7005.246337890625,7016.001220703125,0,7005
af4db3e4-2f01-40ce-bb36-c9f1f8b420a1,663,Worker1,7043.206298828125,7056.001220703125,0,7043
af4db3e4-2f01-40ce-bb36-c9f1f8b420a1,664,Worker1,7061.22119140625,7076.001220703125,0,7061
af4db3e4-2f01-40ce-bb36-c9f1f8b420a1,665,Worker1,7063.1142578125,7076.001220703125,0,7063
af4db3e4-2f01-40ce-bb36-c9f1f8b420a1,666,Worker1,7064.101318359375,7077.001220703125,0,7064
af4db3e4-2f01-40ce-bb36-c9f1f8b420a1,667,Worker1,7088.1162109375,7102.001220703125,0,7088
af4db3e4-2f01-40ce-bb36-c9f1f8b420a1,668,Worker1,7103.273193359375,7116.001220703125,0,7103
af4db3e4-2f01-40ce-bb36-c9f1f8b420a1,669,Worker1,7104.09814453125,7116.001220703125,0,7104
af4db3e4-2f01-40ce-bb36-c9f1f8b420a1,670,Worker1,7111.19921875,7122.001220703125,0,7111
af4db3e4-2f01-40ce-bb36-c9f1f8b420a1,671,Worker1,7115.2041015625,7127.001220703125,0,7115
af4db3e4-2f01-40ce-bb36-c9f1f8b420a1,672,Worker1,7117.1123046875,7131.001220703125,0,7117
af4db3e4-2f01-40ce-bb36-c9f1f8b420a1,673,Worker1,7125.129150390625,7138.001220703125,0,7125
af4db3e4-2f01-40ce-bb36-c9f1f8b420a1,674,Worker1,7130.131103515625,7147.001220703125,0,7130
af4db3e4-2f01-40ce-bb36-c9f1f8b420a1,675,Worker1,7133.109130859375,7157.001220703125,0,7133
af4db3e4-2f01-40ce-bb36-c9f1f8b420a1,676,Worker1,7134.09716796875,7224.001220703125,0,7134
af4db3e4-2f01-40ce-bb36-c9f1f8b420a1,677,Worker1,7141.315185546875,7153.001220703125,0,7141
af4db3e4-2f01-40ce-bb36-c9f1f8b420a1,678,Worker1,7145.197265625,7163.001220703125,0,7145
af4db3e4-2f01-40ce-bb36-c9f1f8b420a1,679,Worker1,7147.1162109375,7159.001220703125,0,7147
af4db3e4-2f01-40ce-bb36-c9f1f8b420a1,680,Worker1,7155.22216796875,7168.001220703125,0,7155
af4db3e4-2f01-40ce-bb36-c9f1f8b420a1,681,Worker1,7161.211181640625,7182.001220703125,0,7161
af4db3e4-2f01-40ce-bb36-c9f1f8b420a1,682,Worker1,7164.1171875,7181.001220703125,0,7164
af4db3e4-2f01-40ce-bb36-c9f1f8b420a1,683,Worker1,7174.1142578125,7186.001220703125,0,7174
af4db3e4-2f01-40ce-bb36-c9f1f8b420a1,684,Worker1,7181.184326171875,7205.001220703125,0,7181
af4db3e4-2f01-40ce-bb36-c9f1f8b420a1,685,Worker1,7201.233154296875,7215.001220703125,0,7201
af4db3e4-2f01-40ce-bb36-c9f1f8b420a1,686,Worker1,7217.21630859375,7231.001220703125,0,7217
af4db3e4-2f01-40ce-bb36-c9f1f8b420a1,688,Worker1,7228.270263671875,7253.001220703125,0,7228
af4db3e4-2f01-40ce-bb36-c9f1f8b420a1,687,Worker1,7228.268310546875,7241.001220703125,0,7228
af4db3e4-2f01-40ce-bb36-c9f1f8b420a1,689,Worker1,7233.23828125,7246.001220703125,0,7233
af4db3e4-2f01-40ce-bb36-c9f1f8b420a1,690,Worker1,7246.1201171875,7283.001220703125,0,7246
af4db3e4-2f01-40ce-bb36-c9f1f8b420a1,691,Worker1,7247.09228515625,7264.001220703125,0,7247
af4db3e4-2f01-40ce-bb36-c9f1f8b420a1,692,Worker1,7277.189208984375,7287.001220703125,0,7277
af4db3e4-2f01-40ce-bb36-c9f1f8b420a1,693,Worker1,7281.3291015625,7329.001220703125,0,7281
af4db3e4-2f01-40ce-bb36-c9f1f8b420a1,694,Worker1,7292.123291015625,7317.001220703125,0,7292
af4db3e4-2f01-40ce-bb36-c9f1f8b420a1,695,Worker1,7300.188232421875,7311.001220703125,0,7300
af4db3e4-2f01-40ce-bb36-c9f1f8b420a1,696,Worker1,7322.146240234375,7334.001220703125,0,7322
af4db3e4-2f01-40ce-bb36-c9f1f8b420a1,697,Worker1,7325.21728515625,7335.001220703125,0,7325
af4db3e4-2f01-40ce-bb36-c9f1f8b420a1,698,Worker1,7334.21923828125,7344.001220703125,0,7334
af4db3e4-2f01-40ce-bb36-c9f1f8b420a1,699,Worker1,7340.193115234375,7350.001220703125,0,7340
af4db3e4-2f01-40ce-bb36-c9f1f8b420a1,700,Worker1,7357.17333984375,7369.001220703125,0,7357
af4db3e4-2f01-40ce-bb36-c9f1f8b420a1,702,Worker1,7368.119140625,7391.001220703125,0,7368
af4db3e4-2f01-40ce-bb36-c9f1f8b420a1,701,Worker1,7368.271240234375,7381.001220703125,0,7368
af4db3e4-2f01-40ce-bb36-c9f1f8b420a1,703,Worker1,7373.2841796875,7389.001220703125,0,7373
af4db3e4-2f01-40ce-bb36-c9f1f8b420a1,704,Worker1,7376.17529296875,7389.001220703125,0,7376
af4db3e4-2f01-40ce-bb36-c9f1f8b420a1,705,Worker1,7385.144287109375,7399.001220703125,0,7385
af4db3e4-2f01-40ce-bb36-c9f1f8b420a1,706,Worker1,7391.13427734375,7402.001220703125,0,7391
af4db3e4-2f01-40ce-bb36-c9f1f8b420a1,707,Worker1,7395.25927734375,7407.001220703125,0,7395
af4db3e4-2f01-40ce-bb36-c9f1f8b420a1,708,Worker1,7397.11328125,7411.001220703125,0,7397
af4db3e4-2f01-40ce-bb36-c9f1f8b420a1,709,Worker1,7405.163330078125,7419.001220703125,0,7405
af4db3e4-2f01-40ce-bb36-c9f1f8b420a1,710,Worker1,7410.123291015625,7422.001220703125,0,7410
af4db3e4-2f01-40ce-bb36-c9f1f8b420a1,711,Worker1,7424.19921875,7435.001220703125,0,7424
af4db3e4-2f01-40ce-bb36-c9f1f8b420a1,712,Worker1,7425.088134765625,7438.001220703125,0,7425
af4db3e4-2f01-40ce-bb36-c9f1f8b420a1,713,Worker1,7432.17333984375,7445.001220703125,0,7432
af4db3e4-2f01-40ce-bb36-c9f1f8b420a1,714,Worker1,7436.191162109375,7447.001220703125,0,7436
af4db3e4-2f01-40ce-bb36-c9f1f8b420a1,715,Worker1,7438.109130859375,7448.001220703125,0,7438
af4db3e4-2f01-40ce-bb36-c9f1f8b420a1,716,Worker1,7439.09912109375,7451.001220703125,0,7439
af4db3e4-2f01-40ce-bb36-c9f1f8b420a1,717,Worker1,7444.165283203125,7458.001220703125,0,7444
af4db3e4-2f01-40ce-bb36-c9f1f8b420a1,718,Worker1,7447.18212890625,7459.001220703125,0,7447
af4db3e4-2f01-40ce-bb36-c9f1f8b420a1,719,Worker1,7457.1123046875,7483.001220703125,0,7457
af4db3e4-2f01-40ce-bb36-c9f1f8b420a1,720,Worker1,7498.2412109375,7511.001220703125,0,7498
af4db3e4-2f01-40ce-bb36-c9f1f8b420a1,721,Worker1,7502.1142578125,7514.001220703125,0,7502
af4db3e4-2f01-40ce-bb36-c9f1f8b420a1,722,Worker1,7504.107177734375,7516.001220703125,0,7504
af4db3e4-2f01-40ce-bb36-c9f1f8b420a1,723,Worker1,7512.2451171875,7526.001220703125,0,7512
af4db3e4-2f01-40ce-bb36-c9f1f8b420a1,724,Worker1,7537.1171875,7550.001220703125,0,7537
af4db3e4-2f01-40ce-bb36-c9f1f8b420a1,725,Worker1,7552.271240234375,7564.001220703125,0,7552
af4db3e4-2f01-40ce-bb36-c9f1f8b420a1,726,Worker1,7553.100341796875,7568.001220703125,0,7553
af4db3e4-2f01-40ce-bb36-c9f1f8b420a1,727,Worker1,7560.230224609375,7583.001220703125,0,7560
af4db3e4-2f01-40ce-bb36-c9f1f8b420a1,728,Worker1,7564.189208984375,7582.001220703125,0,7564
af4db3e4-2f01-40ce-bb36-c9f1f8b420a1,729,Worker1,7566.106201171875,7579.001220703125,0,7566
af4db3e4-2f01-40ce-bb36-c9f1f8b420a1,730,Worker1,7574.1943359375,7584.001220703125,0,7574
af4db3e4-2f01-40ce-bb36-c9f1f8b420a1,731,Worker1,7601.34521484375,7611.001220703125,0,7601
af4db3e4-2f01-40ce-bb36-c9f1f8b420a1,732,Worker1,7617.17529296875,7637.001220703125,0,7617
af4db3e4-2f01-40ce-bb36-c9f1f8b420a1,733,Worker1,7619.11328125,7633.001220703125,0,7619
af4db3e4-2f01-40ce-bb36-c9f1f8b420a1,734,Worker1,7626.123291015625,7639.001220703125,0,7626
af4db3e4-2f01-40ce-bb36-c9f1f8b420a1,735,Worker1,7646.152099609375,7664.001220703125,0,7646
af4db3e4-2f01-40ce-bb36-c9f1f8b420a1,736,Worker1,7649.119140625,7659.001220703125,0,7649
af4db3e4-2f01-40ce-bb36-c9f1f8b420a1,737,Worker1,7650.089111328125,7665.001220703125,0,7650
af4db3e4-2f01-40ce-bb36-c9f1f8b420a1,738,Worker1,7677.18115234375,7704.001220703125,0,7677
af4db3e4-2f01-40ce-bb36-c9f1f8b420a1,739,Worker1,7693.186279296875,7711.001220703125,0,7693
af4db3e4-2f01-40ce-bb36-c9f1f8b420a1,740,Worker1,7704.119140625,7716.001220703125,0,7704
af4db3e4-2f01-40ce-bb36-c9f1f8b420a1,741,Worker1,7711.2373046875,7723.001220703125,0,7711
af4db3e4-2f01-40ce-bb36-c9f1f8b420a1,742,Worker1,7732.14111328125,7749.001220703125,0,7732
af4db3e4-2f01-40ce-bb36-c9f1f8b420a1,743,Worker1,7735.1201171875,7749.001220703125,0,7735
af4db3e4-2f01-40ce-bb36-c9f1f8b420a1,744,Worker1,7744.26025390625,7762.001220703125,0,7744
af4db3e4-2f01-40ce-bb36-c9f1f8b420a1,745,Worker1,7750.111328125,7764.001220703125,0,7750
af4db3e4-2f01-40ce-bb36-c9f1f8b420a1,746,Worker1,7766.408203125,7791.001220703125,0,7766
af4db3e4-2f01-40ce-bb36-c9f1f8b420a1,747,Worker1,7777.172119140625,7789.001220703125,0,7777
af4db3e4-2f01-40ce-bb36-c9f1f8b420a1,748,Worker1,7784.205322265625,7797.001220703125,0,7784
af4db3e4-2f01-40ce-bb36-c9f1f8b420a1,749,Worker1,7789.1181640625,7800.001220703125,0,7789
af4db3e4-2f01-40ce-bb36-c9f1f8b420a1,750,Worker1,7803.13232421875,7816.001220703125,0,7803
af4db3e4-2f01-40ce-bb36-c9f1f8b420a1,751,Worker1,7812.30712890625,7827.001220703125,0,7812
af4db3e4-2f01-40ce-bb36-c9f1f8b420a1,752,Worker1,7818.17822265625,7948.001220703125,0,7818
af4db3e4-2f01-40ce-bb36-c9f1f8b420a1,753,Worker1,7822.14111328125,7844.001220703125,0,7822
af4db3e4-2f01-40ce-bb36-c9f1f8b420a1,755,Worker1,7833.22021484375,7847.001220703125,0,7833
af4db3e4-2f01-40ce-bb36-c9f1f8b420a1,754,Worker1,7833.212158203125,7846.001220703125,0,7833
af4db3e4-2f01-40ce-bb36-c9f1f8b420a1,756,Worker1,7838.1982421875,7848.001220703125,0,7838
af4db3e4-2f01-40ce-bb36-c9f1f8b420a1,757,Worker1,7852.30615234375,7866.001220703125,0,7852
af4db3e4-2f01-40ce-bb36-c9f1f8b420a1,758,Worker1,7861.233154296875,7872.001220703125,0,7861
af4db3e4-2f01-40ce-bb36-c9f1f8b420a1,759,Worker1,7867.09619140625,7878.001220703125,0,7867
af4db3e4-2f01-40ce-bb36-c9f1f8b420a1,760,Worker1,7884.190185546875,7897.001220703125,0,7884
af4db3e4-2f01-40ce-bb36-c9f1f8b420a1,761,Worker1,7886.1162109375,7898.001220703125,0,7886
af4db3e4-2f01-40ce-bb36-c9f1f8b420a1,762,Worker1,7894.13916015625,7907.001220703125,0,7894
af4db3e4-2f01-40ce-bb36-c9f1f8b420a1,763,Worker1,7899.185302734375,7913.001220703125,0,7899
af4db3e4-2f01-40ce-bb36-c9f1f8b420a1,764,Worker1,7902.209228515625,7913.001220703125,0,7902
af4db3e4-2f01-40ce-bb36-c9f1f8b420a1,765,Worker1,7903.102294921875,7916.001220703125,0,7903
af4db3e4-2f01-40ce-bb36-c9f1f8b420a1,766,Worker1,7909.100341796875,7920.001220703125,0,7909
af4db3e4-2f01-40ce-bb36-c9f1f8b420a1,767,Worker1,7913.13916015625,7927.001220703125,0,7913
af4db3e4-2f01-40ce-bb36-c9f1f8b420a1,769,Worker1,7925.225341796875,7937.001220703125,0,7925
af4db3e4-2f01-40ce-bb36-c9f1f8b420a1,768,Worker1,7925.214111328125,7939.001220703125,0,7925
af4db3e4-2f01-40ce-bb36-c9f1f8b420a1,770,Worker1,7948.13623046875,7961.001220703125,0,7948
af4db3e4-2f01-40ce-bb36-c9f1f8b420a1,771,Worker1,7951.2412109375,7963.001220703125,0,7951
af4db3e4-2f01-40ce-bb36-c9f1f8b420a1,772,Worker1,7952.103271484375,7964.001220703125,0,7952
af4db3e4-2f01-40ce-bb36-c9f1f8b420a1,773,Worker1,7959.372314453125,7973.001220703125,0,7959
af4db3e4-2f01-40ce-bb36-c9f1f8b420a1,774,Worker1,7978.225341796875,7997.001220703125,0,7978
af4db3e4-2f01-40ce-bb36-c9f1f8b420a1,775,Worker1,7990.233154296875,8005.001220703125,0,7990
af4db3e4-2f01-40ce-bb36-c9f1f8b420a1,776,Worker1,7991.100341796875,8003.001220703125,0,7991
af4db3e4-2f01-40ce-bb36-c9f1f8b420a1,777,Worker1,8016.188232421875,8031.001220703125,0,8016
af4db3e4-2f01-40ce-bb36-c9f1f8b420a1,778,Worker1,8031.2431640625,8045.001220703125,0,8031
af4db3e4-2f01-40ce-bb36-c9f1f8b420a1,779,Worker1,8041.13427734375,8060.001220703125,0,8041
af4db3e4-2f01-40ce-bb36-c9f1f8b420a1,780,Worker1,8048.110107421875,8061.001220703125,0,8048
af4db3e4-2f01-40ce-bb36-c9f1f8b420a1,781,Worker1,8052.19921875,8062.001220703125,0,8052
af4db3e4-2f01-40ce-bb36-c9f1f8b420a1,782,Worker1,8054.108154296875,8067.001220703125,0,8054
af4db3e4-2f01-40ce-bb36-c9f1f8b420a1,783,Worker1,8055.088134765625,8068.001220703125,0,8055
af4db3e4-2f01-40ce-bb36-c9f1f8b420a1,784,Worker1,8061.34326171875,8075.001220703125,0,8061
af4db3e4-2f01-40ce-bb36-c9f1f8b420a1,785,Worker1,8076.186279296875,8098.001220703125,0,8076
af4db3e4-2f01-40ce-bb36-c9f1f8b420a1,786,Worker1,8086.214111328125,8104.001220703125,0,8086
af4db3e4-2f01-40ce-bb36-c9f1f8b420a1,787,Worker1,8093.310302734375,8105.001220703125,0,8093
af4db3e4-2f01-40ce-bb36-c9f1f8b420a1,788,Worker1,8112.17626953125,8127.001220703125,0,8112
af4db3e4-2f01-40ce-bb36-c9f1f8b420a1,789,Worker1,8125.18115234375,8135.001220703125,0,8125
af4db3e4-2f01-40ce-bb36-c9f1f8b420a1,790,Worker1,8126.09912109375,8137.001220703125,0,8126
af4db3e4-2f01-40ce-bb36-c9f1f8b420a1,791,Worker1,8153.164306640625,8166.001220703125,0,8153
af4db3e4-2f01-40ce-bb36-c9f1f8b420a1,792,Worker1,8156.11328125,8169.001220703125,0,8156
af4db3e4-2f01-40ce-bb36-c9f1f8b420a1,793,Worker1,8166.147216796875,8177.001220703125,0,8166
af4db3e4-2f01-40ce-bb36-c9f1f8b420a1,794,Worker1,8173.29833984375,8187.001220703125,0,8173
af4db3e4-2f01-40ce-bb36-c9f1f8b420a1,795,Worker1,8178.232177734375,8241.001220703125,0,8178
af4db3e4-2f01-40ce-bb36-c9f1f8b420a1,796,Worker1,8181.09521484375,8193.001220703125,0,8181
af4db3e4-2f01-40ce-bb36-c9f1f8b420a1,797,Worker1,8190.255126953125,8204.001220703125,0,8190
af4db3e4-2f01-40ce-bb36-c9f1f8b420a1,798,Worker1,8218.244140625,8236.001220703125,0,8218
af4db3e4-2f01-40ce-bb36-c9f1f8b420a1,799,Worker1,8222.122314453125,8243.001220703125,0,8222
af4db3e4-2f01-40ce-bb36-c9f1f8b420a1,801,Worker1,8233.374267578125,8253.001220703125,0,8233
af4db3e4-2f01-40ce-bb36-c9f1f8b420a1,800,Worker1,8233.201171875,8243.001220703125,0,8233
af4db3e4-2f01-40ce-bb36-c9f1f8b420a1,802,Worker1,8254.2041015625,8277.001220703125,0,8254
af4db3e4-2f01-40ce-bb36-c9f1f8b420a1,803,Worker1,8267.127197265625,8279.001220703125,0,8267
af4db3e4-2f01-40ce-bb36-c9f1f8b420a1,804,Worker1,8268.089111328125,8279.001220703125,0,8268
af4db3e4-2f01-40ce-bb36-c9f1f8b420a1,805,Worker1,8297.1552734375,8312.001220703125,0,8297
af4db3e4-2f01-40ce-bb36-c9f1f8b420a1,806,Worker1,8301.244140625,8314.001220703125,0,8301
af4db3e4-2f01-40ce-bb36-c9f1f8b420a1,807,Worker1,8312.34228515625,8323.001220703125,0,8312
af4db3e4-2f01-40ce-bb36-c9f1f8b420a1,808,Worker1,8312.1943359375,8336.001220703125,0,8312
af4db3e4-2f01-40ce-bb36-c9f1f8b420a1,809,Worker1,8317.1142578125,8328.001220703125,0,8317
af4db3e4-2f01-40ce-bb36-c9f1f8b420a1,810,Worker1,8320.164306640625,8331.001220703125,0,8320
af4db3e4-2f01-40ce-bb36-c9f1f8b420a1,811,Worker1,8329.17333984375,8344.001220703125,0,8329
af4db3e4-2f01-40ce-bb36-c9f1f8b420a1,812,Worker1,8335.2041015625,8357.001220703125,0,8335
af4db3e4-2f01-40ce-bb36-c9f1f8b420a1,813,Worker1,8352.2041015625,8363.001220703125,0,8352
af4db3e4-2f01-40ce-bb36-c9f1f8b420a1,814,Worker1,8354.1142578125,8367.001220703125,0,8354
af4db3e4-2f01-40ce-bb36-c9f1f8b420a1,815,Worker1,8362.110107421875,8375.001220703125,0,8362
af4db3e4-2f01-40ce-bb36-c9f1f8b420a1,816,Worker1,8367.252197265625,8380.001220703125,0,8367
af4db3e4-2f01-40ce-bb36-c9f1f8b420a1,817,Worker1,8381.22119140625,8395.001220703125,0,8381
af4db3e4-2f01-40ce-bb36-c9f1f8b420a1,818,Worker1,8382.09326171875,8396.001220703125,0,8382
af4db3e4-2f01-40ce-bb36-c9f1f8b420a1,819,Worker1,8388.122314453125,8398.001220703125,0,8388
af4db3e4-2f01-40ce-bb36-c9f1f8b420a1,820,Worker1,8392.143310546875,8402.001220703125,0,8392
af4db3e4-2f01-40ce-bb36-c9f1f8b420a1,822,Worker1,8394.09326171875,8413.001220703125,0,8394
af4db3e4-2f01-40ce-bb36-c9f1f8b420a1,821,Worker1,8394.09912109375,8405.001220703125,0,8394
af4db3e4-2f01-40ce-bb36-c9f1f8b420a1,823,Worker1,8418.18115234375,8430.001220703125,0,8418
af4db3e4-2f01-40ce-bb36-c9f1f8b420a1,824,Worker1,8432.213134765625,8445.001220703125,0,8432
af4db3e4-2f01-40ce-bb36-c9f1f8b420a1,825,Worker1,8442.228271484375,8459.001220703125,0,8442
af4db3e4-2f01-40ce-bb36-c9f1f8b420a1,826,Worker1,8479.23828125,8502.001220703125,0,8479
af4db3e4-2f01-40ce-bb36-c9f1f8b420a1,827,Worker1,8497.146240234375,8512.001220703125,0,8497
af4db3e4-2f01-40ce-bb36-c9f1f8b420a1,828,Worker1,8509.197265625,8520.001220703125,0,8509
af4db3e4-2f01-40ce-bb36-c9f1f8b420a1,829,Worker1,8517.23828125,8530.001220703125,0,8517
af4db3e4-2f01-40ce-bb36-c9f1f8b420a1,830,Worker1,8522.15625,8535.001220703125,0,8522
af4db3e4-2f01-40ce-bb36-c9f1f8b420a1,831,Worker1,8537.126220703125,8550.001220703125,0,8537
af4db3e4-2f01-40ce-bb36-c9f1f8b420a1,832,Worker1,8547.205322265625,8558.001220703125,0,8547
af4db3e4-2f01-40ce-bb36-c9f1f8b420a1,833,Worker1,8586.275146484375,8599.001220703125,0,8586
af4db3e4-2f01-40ce-bb36-c9f1f8b420a1,834,Worker1,8605.13818359375,8617.001220703125,0,8605
af4db3e4-2f01-40ce-bb36-c9f1f8b420a1,835,Worker1,8607.102294921875,8626.001220703125,0,8607
af4db3e4-2f01-40ce-bb36-c9f1f8b420a1,836,Worker1,8608.081298828125,8624.001220703125,0,8608
af4db3e4-2f01-40ce-bb36-c9f1f8b420a1,837,Worker1,8615.3291015625,8625.001220703125,0,8615
af4db3e4-2f01-40ce-bb36-c9f1f8b420a1,838,Worker1,8619.269287109375,8632.001220703125,0,8619
af4db3e4-2f01-40ce-bb36-c9f1f8b420a1,839,Worker1,8632.13720703125,8647.001220703125,0,8632
af4db3e4-2f01-40ce-bb36-c9f1f8b420a1,840,Worker1,8633.102294921875,8643.001220703125,0,8633
af4db3e4-2f01-40ce-bb36-c9f1f8b420a1,841,Worker1,8660.1611328125,8670.001220703125,0,8660
af4db3e4-2f01-40ce-bb36-c9f1f8b420a1,842,Worker1,8676.189208984375,8692.001220703125,0,8676
af4db3e4-2f01-40ce-bb36-c9f1f8b420a1,843,Worker1,8687.111328125,8703.001220703125,0,8687
af4db3e4-2f01-40ce-bb36-c9f1f8b420a1,844,Worker1,8694.253173828125,8707.001220703125,0,8694
af4db3e4-2f01-40ce-bb36-c9f1f8b420a1,845,Worker1,8714.208251953125,8727.001220703125,0,8714
af4db3e4-2f01-40ce-bb36-c9f1f8b420a1,846,Worker1,8727.171142578125,8751.001220703125,0,8727
af4db3e4-2f01-40ce-bb36-c9f1f8b420a1,847,Worker1,8736.30029296875,8748.001220703125,0,8736
af4db3e4-2f01-40ce-bb36-c9f1f8b420a1,848,Worker1,8742.2412109375,8755.001220703125,0,8742
af4db3e4-2f01-40ce-bb36-c9f1f8b420a1,849,Worker1,8758.121337890625,8784.001220703125,0,8758
af4db3e4-2f01-40ce-bb36-c9f1f8b420a1,851,Worker1,8769.328125,8782.001220703125,0,8769
af4db3e4-2f01-40ce-bb36-c9f1f8b420a1,850,Worker1,8769.13623046875,8782.001220703125,0,8769
af4db3e4-2f01-40ce-bb36-c9f1f8b420a1,852,Worker1,8774.13623046875,8787.001220703125,0,8774
af4db3e4-2f01-40ce-bb36-c9f1f8b420a1,853,Worker1,8787.21630859375,8799.001220703125,0,8787
af4db3e4-2f01-40ce-bb36-c9f1f8b420a1,854,Worker1,8796.17626953125,8810.001220703125,0,8796
af4db3e4-2f01-40ce-bb36-c9f1f8b420a1,855,Worker1,8802.193115234375,8817.001220703125,0,8802
af4db3e4-2f01-40ce-bb36-c9f1f8b420a1,856,Worker1,8819.240234375,8832.001220703125,0,8819
af4db3e4-2f01-40ce-bb36-c9f1f8b420a1,857,Worker1,8830.169189453125,8840.001220703125,0,8830
af4db3e4-2f01-40ce-bb36-c9f1f8b420a1,858,Worker1,8838.236328125,8848.001220703125,0,8838
af4db3e4-2f01-40ce-bb36-c9f1f8b420a1,859,Worker1,8860.143310546875,8878.001220703125,0,8860
af4db3e4-2f01-40ce-bb36-c9f1f8b420a1,860,Worker1,8863.13330078125,8875.001220703125,0,8863
af4db3e4-2f01-40ce-bb36-c9f1f8b420a1,861,Worker1,8864.106201171875,8877.001220703125,0,8864
af4db3e4-2f01-40ce-bb36-c9f1f8b420a1,862,Worker1,8897.205322265625,8909.001220703125,0,8897
af4db3e4-2f01-40ce-bb36-c9f1f8b420a1,863,Worker1,8901.213134765625,8916.001220703125,0,8901
af4db3e4-2f01-40ce-bb36-c9f1f8b420a1,865,Worker1,8912.331298828125,8925.001220703125,0,8912
af4db3e4-2f01-40ce-bb36-c9f1f8b420a1,864,Worker1,8912.188232421875,8925.001220703125,0,8912
af4db3e4-2f01-40ce-bb36-c9f1f8b420a1,866,Worker1,8935.30419921875,8947.001220703125,0,8935
af4db3e4-2f01-40ce-bb36-c9f1f8b420a1,867,Worker1,8938.1181640625,8952.001220703125,0,8938
af4db3e4-2f01-40ce-bb36-c9f1f8b420a1,868,Worker1,8939.087158203125,8951.001220703125,0,8939
af4db3e4-2f01-40ce-bb36-c9f1f8b420a1,869,Worker1,8973.163330078125,8993.001220703125,0,8973
af4db3e4-2f01-40ce-bb36-c9f1f8b420a1,870,Worker1,8977.1181640625,8989.001220703125,0,8977
af4db3e4-2f01-40ce-bb36-c9f1f8b420a1,871,Worker1,8989.38525390625,8999.001220703125,0,8989
af4db3e4-2f01-40ce-bb36-c9f1f8b420a1,872,Worker1,8989.213134765625,9000.001220703125,0,8989
af4db3e4-2f01-40ce-bb36-c9f1f8b420a1,873,Worker1,8994.145263671875,9018.001220703125,0,8994
af4db3e4-2f01-40ce-bb36-c9f1f8b420a1,874,Worker1,9008.185302734375,9021.001220703125,0,9008
af4db3e4-2f01-40ce-bb36-c9f1f8b420a1,875,Worker1,9009.105224609375,9022.001220703125,0,9009
af4db3e4-2f01-40ce-bb36-c9f1f8b420a1,876,Worker1,9046.13720703125,9064.001220703125,0,9046
af4db3e4-2f01-40ce-bb36-c9f1f8b420a1,877,Worker1,9064.254150390625,9076.001220703125,0,9064
af4db3e4-2f01-40ce-bb36-c9f1f8b420a1,878,Worker1,9066.101318359375,9083.001220703125,0,9066
af4db3e4-2f01-40ce-bb36-c9f1f8b420a1,879,Worker1,9067.09033203125,9082.001220703125,0,9067
af4db3e4-2f01-40ce-bb36-c9f1f8b420a1,880,Worker1,9072.193115234375,9083.001220703125,0,9072
af4db3e4-2f01-40ce-bb36-c9f1f8b420a1,881,Worker1,9075.2451171875,9088.001220703125,0,9075
af4db3e4-2f01-40ce-bb36-c9f1f8b420a1,882,Worker1,9085.22216796875,9097.001220703125,0,9085
af4db3e4-2f01-40ce-bb36-c9f1f8b420a1,883,Worker1,9130.127197265625,9140.001220703125,0,9130
af4db3e4-2f01-40ce-bb36-c9f1f8b420a1,884,Worker1,9149.1171875,9163.001220703125,0,9149
af4db3e4-2f01-40ce-bb36-c9f1f8b420a1,885,Worker1,9151.111328125,9164.001220703125,0,9151
af4db3e4-2f01-40ce-bb36-c9f1f8b420a1,886,Worker1,9159.163330078125,9172.001220703125,0,9159
af4db3e4-2f01-40ce-bb36-c9f1f8b420a1,887,Worker1,9184.42431640625,9195.001220703125,0,9184
af4db3e4-2f01-40ce-bb36-c9f1f8b420a1,888,Worker1,9187.185302734375,9201.001220703125,0,9187
af4db3e4-2f01-40ce-bb36-c9f1f8b420a1,889,Worker1,9197.30224609375,9208.001220703125,0,9197
af4db3e4-2f01-40ce-bb36-c9f1f8b420a1,890,Worker1,9204.291259765625,9218.001220703125,0,9204
af4db3e4-2f01-40ce-bb36-c9f1f8b420a1,891,Worker1,9208.111328125,9222.001220703125,0,9208
af4db3e4-2f01-40ce-bb36-c9f1f8b420a1,892,Worker1,9210.105224609375,9221.001220703125,0,9210
af4db3e4-2f01-40ce-bb36-c9f1f8b420a1,893,Worker1,9218.246337890625,9230.001220703125,0,9218
af4db3e4-2f01-40ce-bb36-c9f1f8b420a1,894,Worker1,9224.187255859375,9236.001220703125,0,9224
af4db3e4-2f01-40ce-bb36-c9f1f8b420a1,895,Worker1,9239.151123046875,9251.001220703125,0,9239
af4db3e4-2f01-40ce-bb36-c9f1f8b420a1,897,Worker1,9249.128173828125,9261.001220703125,0,9249
af4db3e4-2f01-40ce-bb36-c9f1f8b420a1,896,Worker1,9249.119140625,9262.001220703125,0,9249
af4db3e4-2f01-40ce-bb36-c9f1f8b420a1,898,Worker1,9269.226318359375,9283.001220703125,0,9269
af4db3e4-2f01-40ce-bb36-c9f1f8b420a1,899,Worker1,9272.111328125,9285.001220703125,0,9272
af4db3e4-2f01-40ce-bb36-c9f1f8b420a1,900,Worker1,9273.089111328125,9287.001220703125,0,9273
af4db3e4-2f01-40ce-bb36-c9f1f8b420a1,901,Worker1,9279.250244140625,9303.001220703125,0,9279
af4db3e4-2f01-40ce-bb36-c9f1f8b420a1,902,Worker1,9295.293212890625,9307.001220703125,0,9295
af4db3e4-2f01-40ce-bb36-c9f1f8b420a1,903,Worker1,9297.1181640625,9311.001220703125,0,9297
af4db3e4-2f01-40ce-bb36-c9f1f8b420a1,904,Worker1,9304.163330078125,9319.001220703125,0,9304
af4db3e4-2f01-40ce-bb36-c9f1f8b420a1,905,Worker1,9309.13916015625,9328.001220703125,0,9309
af4db3e4-2f01-40ce-bb36-c9f1f8b420a1,906,Worker1,9312.289306640625,9326.001220703125,0,9312
af4db3e4-2f01-40ce-bb36-c9f1f8b420a1,907,Worker1,9321.11328125,9333.001220703125,0,9321
af4db3e4-2f01-40ce-bb36-c9f1f8b420a1,908,Worker1,9327.09912109375,9340.001220703125,0,9327
af4db3e4-2f01-40ce-bb36-c9f1f8b420a1,909,Worker1,9331.1962890625,9345.001220703125,0,9331
af4db3e4-2f01-40ce-bb36-c9f1f8b420a1,911,Worker1,9333.109130859375,9405.001220703125,0,9333
af4db3e4-2f01-40ce-bb36-c9f1f8b420a1,910,Worker1,9333.26025390625,9345.001220703125,0,9333
af4db3e4-2f01-40ce-bb36-c9f1f8b420a1,912,Worker1,9355.1572265625,9365.001220703125,0,9355
af4db3e4-2f01-40ce-bb36-c9f1f8b420a1,913,Worker1,9368.147216796875,9379.001220703125,0,9368
af4db3e4-2f01-40ce-bb36-c9f1f8b420a1,914,Worker1,9369.104248046875,9381.001220703125,0,9369
af4db3e4-2f01-40ce-bb36-c9f1f8b420a1,915,Worker1,9400.13232421875,9412.001220703125,0,9400
af4db3e4-2f01-40ce-bb36-c9f1f8b420a1,916,Worker1,9404.2412109375,9414.001220703125,0,9404
af4db3e4-2f01-40ce-bb36-c9f1f8b420a1,918,Worker1,9406.121337890625,9418.001220703125,0,9406
af4db3e4-2f01-40ce-bb36-c9f1f8b420a1,917,Worker1,9406.11328125,9418.001220703125,0,9406
af4db3e4-2f01-40ce-bb36-c9f1f8b420a1,919,Worker1,9411.13818359375,9424.001220703125,0,9411
af4db3e4-2f01-40ce-bb36-c9f1f8b420a1,920,Worker1,9425.210205078125,9436.001220703125,0,9425
af4db3e4-2f01-40ce-bb36-c9f1f8b420a1,921,Worker1,9434.129150390625,9445.001220703125,0,9434
af4db3e4-2f01-40ce-bb36-c9f1f8b420a1,922,Worker1,9467.147216796875,9481.001220703125,0,9467
af4db3e4-2f01-40ce-bb36-c9f1f8b420a1,923,Worker1,9471.128173828125,9482.001220703125,0,9471
af4db3e4-2f01-40ce-bb36-c9f1f8b420a1,925,Worker1,9482.171142578125,9494.001220703125,0,9482
af4db3e4-2f01-40ce-bb36-c9f1f8b420a1,924,Worker1,9482.18115234375,9502.001220703125,0,9482
af4db3e4-2f01-40ce-bb36-c9f1f8b420a1,926,Worker1,9487.3193359375,9498.001220703125,0,9487
af4db3e4-2f01-40ce-bb36-c9f1f8b420a1,927,Worker1,9501.22119140625,9516.001220703125,0,9501
af4db3e4-2f01-40ce-bb36-c9f1f8b420a1,928,Worker1,9502.100341796875,9514.001220703125,0,9502
af4db3e4-2f01-40ce-bb36-c9f1f8b420a1,929,Worker1,9536.253173828125,9547.001220703125,0,9536
af4db3e4-2f01-40ce-bb36-c9f1f8b420a1,930,Worker1,9554.146240234375,9566.001220703125,0,9554
af4db3e4-2f01-40ce-bb36-c9f1f8b420a1,931,Worker1,9556.107177734375,9623.001220703125,0,9556
af4db3e4-2f01-40ce-bb36-c9f1f8b420a1,932,Worker1,9564.18115234375,9577.001220703125,0,9564
af4db3e4-2f01-40ce-bb36-c9f1f8b420a1,933,Worker1,9588.236328125,9601.001220703125,0,9588
af4db3e4-2f01-40ce-bb36-c9f1f8b420a1,934,Worker1,9591.119140625,9605.001220703125,0,9591
af4db3e4-2f01-40ce-bb36-c9f1f8b420a1,935,Worker1,9592.09130859375,9605.001220703125,0,9592
af4db3e4-2f01-40ce-bb36-c9f1f8b420a1,936,Worker1,9634.163330078125,9647.001220703125,0,9634
af4db3e4-2f01-40ce-bb36-c9f1f8b420a1,937,Worker1,9640.72216796875,9664.001220703125,0,9638
af4db3e4-2f01-40ce-bb36-c9f1f8b420a1,938,Worker1,9650.102294921875,9664.001220703125,0,9650
af4db3e4-2f01-40ce-bb36-c9f1f8b420a1,939,Worker1,9658.128173828125,9668.001220703125,0,9658
af4db3e4-2f01-40ce-bb36-c9f1f8b420a1,940,Worker1,9683.16015625,9694.001220703125,0,9683
af4db3e4-2f01-40ce-bb36-c9f1f8b420a1,941,Worker1,9698.22119140625,9711.001220703125,0,9698
af4db3e4-2f01-40ce-bb36-c9f1f8b420a1,942,Worker1,9699.089111328125,9712.001220703125,0,9699
af4db3e4-2f01-40ce-bb36-c9f1f8b420a1,943,Worker1,9744.2431640625,9762.001220703125,0,9744
af4db3e4-2f01-40ce-bb36-c9f1f8b420a1,944,Worker1,9748.11328125,9760.001220703125,0,9748
af4db3e4-2f01-40ce-bb36-c9f1f8b420a1,945,Worker1,9750.111328125,9777.001220703125,0,9750
af4db3e4-2f01-40ce-bb36-c9f1f8b420a1,946,Worker1,9758.2412109375,9770.001220703125,0,9758
af4db3e4-2f01-40ce-bb36-c9f1f8b420a1,947,Worker1,9763.107177734375,9784.001220703125,0,9763
af4db3e4-2f01-40ce-bb36-c9f1f8b420a1,948,Worker1,9766.106201171875,9780.001220703125,0,9766
af4db3e4-2f01-40ce-bb36-c9f1f8b420a1,949,Worker1,9776.17431640625,9788.001220703125,0,9776
af4db3e4-2f01-40ce-bb36-c9f1f8b420a1,950,Worker1,9830.287109375,9842.001220703125,0,9830
af4db3e4-2f01-40ce-bb36-c9f1f8b420a1,951,Worker1,9834.2041015625,9847.001220703125,0,9834
af4db3e4-2f01-40ce-bb36-c9f1f8b420a1,952,Worker1,9836.1162109375,9850.001220703125,0,9836
af4db3e4-2f01-40ce-bb36-c9f1f8b420a1,953,Worker1,9844.13525390625,9857.001220703125,0,9844
af4db3e4-2f01-40ce-bb36-c9f1f8b420a1,954,Worker1,9850.126220703125,9861.001220703125,0,9850
af4db3e4-2f01-40ce-bb36-c9f1f8b420a1,955,Worker1,9866.1533203125,9877.001220703125,0,9866
af4db3e4-2f01-40ce-bb36-c9f1f8b420a1,956,Worker1,9868.106201171875,9882.001220703125,0,9868
af4db3e4-2f01-40ce-bb36-c9f1f8b420a1,957,Worker1,9868.1142578125,9881.001220703125,0,9868
af4db3e4-2f01-40ce-bb36-c9f1f8b420a1,958,Worker1,9888.13818359375,9900.001220703125,0,9888
af4db3e4-2f01-40ce-bb36-c9f1f8b420a1,959,Worker1,9901.255126953125,9912.001220703125,0,9901
af4db3e4-2f01-40ce-bb36-c9f1f8b420a1,960,Worker1,9910.26318359375,9923.001220703125,0,9910
af4db3e4-2f01-40ce-bb36-c9f1f8b420a1,961,Worker1,9916.256103515625,9928.001220703125,0,9916
af4db3e4-2f01-40ce-bb36-c9f1f8b420a1,962,Worker1,9920.21728515625,9933.001220703125,0,9920
af4db3e4-2f01-40ce-bb36-c9f1f8b420a1,963,Worker1,9922.09130859375,9960.001220703125,0,9922
af4db3e4-2f01-40ce-bb36-c9f1f8b420a1,964,Worker1,9929.107177734375,9941.001220703125,0,9929
af4db3e4-2f01-40ce-bb36-c9f1f8b420a1,965,Worker1,9934.127197265625,9944.001220703125,0,9934
af4db3e4-2f01-40ce-bb36-c9f1f8b420a1,966,Worker1,9947.326171875,9960.001220703125,0,9947
af4db3e4-2f01-40ce-bb36-c9f1f8b420a1,967,Worker1,9956.185302734375,9967.001220703125,0,9956
af4db3e4-2f01-40ce-bb36-c9f1f8b420a1,968,Worker1,9962.129150390625,9972.001220703125,0,9962
af4db3e4-2f01-40ce-bb36-c9f1f8b420a1,969,Worker1,9978.227294921875,9989.001220703125,0,9978
af4db3e4-2f01-40ce-bb36-c9f1f8b420a1,970,Worker1,9980.124267578125,9993.001220703125,0,9980
af4db3e4-2f01-40ce-bb36-c9f1f8b420a1,971,Worker1,9980.111328125,9994.001220703125,0,9980
af4db3e4-2f01-40ce-bb36-c9f1f8b420a1,972,Worker1,9985.2421875,9999.001220703125,0,9985
af4db3e4-2f01-40ce-bb36-c9f1f8b420a1,973,Worker1,9988.273193359375,9998.001220703125,0,9988
af4db3e4-2f01-40ce-bb36-c9f1f8b420a1,974,Worker1,9997.13818359375,10009.001220703125,0,9997
af4db3e4-2f01-40ce-bb36-c9f1f8b420a1,975,Worker1,10003.214111328125,10015.001220703125,0,10003
af4db3e4-2f01-40ce-bb36-c9f1f8b420a1,976,Worker1,10020.17529296875,10035.001220703125,0,10020
af4db3e4-2f01-40ce-bb36-c9f1f8b420a1,977,Worker1,10031.30322265625,10042.001220703125,0,10031
af4db3e4-2f01-40ce-bb36-c9f1f8b420a1,978,Worker1,10039.254150390625,10073.001220703125,0,10039
af4db3e4-2f01-40ce-bb36-c9f1f8b420a1,979,Worker1,10061.17919921875,10077.001220703125,0,10061
af4db3e4-2f01-40ce-bb36-c9f1f8b420a1,980,Worker1,10064.246337890625,10080.001220703125,0,10064
af4db3e4-2f01-40ce-bb36-c9f1f8b420a1,981,Worker1,10073.359130859375,10087.001220703125,0,10073
af4db3e4-2f01-40ce-bb36-c9f1f8b420a1,982,Worker1,10079.289306640625,10091.001220703125,0,10079
af4db3e4-2f01-40ce-bb36-c9f1f8b420a1,983,Worker1,10083.19921875,10102.001220703125,0,10083
af4db3e4-2f01-40ce-bb36-c9f1f8b420a1,985,Worker1,10094.165283203125,10106.001220703125,0,10094
af4db3e4-2f01-40ce-bb36-c9f1f8b420a1,984,Worker1,10094.335205078125,10114.001220703125,0,10094
af4db3e4-2f01-40ce-bb36-c9f1f8b420a1,986,Worker1,10117.128173828125,10127.001220703125,0,10117
af4db3e4-2f01-40ce-bb36-c9f1f8b420a1,987,Worker1,10120.130126953125,10134.001220703125,0,10120
af4db3e4-2f01-40ce-bb36-c9f1f8b420a1,988,Worker1,10130.18212890625,10142.001220703125,0,10130
af4db3e4-2f01-40ce-bb36-c9f1f8b420a1,989,Worker1,10136.255126953125,10148.001220703125,0,10136
af4db3e4-2f01-40ce-bb36-c9f1f8b420a1,990,Worker1,10140.29833984375,10154.001220703125,0,10140
af4db3e4-2f01-40ce-bb36-c9f1f8b420a1,991,Worker1,10152.2841796875,10164.001220703125,0,10152
af4db3e4-2f01-40ce-bb36-c9f1f8b420a1,992,Worker1,10153.09619140625,10170.001220703125,0,10153
af4db3e4-2f01-40ce-bb36-c9f1f8b420a1,993,Worker1,10160.1123046875,10170.001220703125,0,10160
af4db3e4-2f01-40ce-bb36-c9f1f8b420a1,994,Worker1,10179.205322265625,10190.001220703125,0,10179
af4db3e4-2f01-40ce-bb36-c9f1f8b420a1,995,Worker1,10191.171142578125,10206.001220703125,0,10191
af4db3e4-2f01-40ce-bb36-c9f1f8b420a1,996,Worker1,10199.11328125,10210.001220703125,0,10199
af4db3e4-2f01-40ce-bb36-c9f1f8b420a1,997,Worker1,10204.213134765625,10216.001220703125,0,10204
af4db3e4-2f01-40ce-bb36-c9f1f8b420a1,998,Worker1,10219.233154296875,10229.001220703125,0,10219
af4db3e4-2f01-40ce-bb36-c9f1f8b420a1,999,Worker1,10221.110107421875,10231.001220703125,0,10221
af4db3e4-2f01-40ce-bb36-c9f1f8b420a1,1000,Worker1,10228.110107421875,10242.001220703125,0,10228
af4db3e4-2f01-40ce-bb36-c9f1f8b420a1,1001,Worker1,10232.169189453125,10245.001220703125,0,10232
af4db3e4-2f01-40ce-bb36-c9f1f8b420a1,1002,Worker1,10234.11328125,10358.001220703125,0,10234
af4db3e4-2f01-40ce-bb36-c9f1f8b420a1,1003,Worker1,10235.09033203125,10250.001220703125,0,10235
af4db3e4-2f01-40ce-bb36-c9f1f8b420a1,1004,Worker1,10263.162109375,10276.001220703125,0,10263
af4db3e4-2f01-40ce-bb36-c9f1f8b420a1,1005,Worker1,10266.150146484375,10275.001220703125,0,10266
af4db3e4-2f01-40ce-bb36-c9f1f8b420a1,1006,Worker1,10268.109130859375,10382.001220703125,0,10268
af4db3e4-2f01-40ce-bb36-c9f1f8b420a1,1007,Worker1,10268.296142578125,10293.001220703125,0,10268
af4db3e4-2f01-40ce-bb36-c9f1f8b420a1,1008,Worker1,10273.26416015625,10285.001220703125,0,10273
af4db3e4-2f01-40ce-bb36-c9f1f8b420a1,1009,Worker1,10276.170166015625,10291.001220703125,0,10276
af4db3e4-2f01-40ce-bb36-c9f1f8b420a1,1010,Worker1,10285.184326171875,10296.001220703125,0,10285
af4db3e4-2f01-40ce-bb36-c9f1f8b420a1,1011,Worker1,10314.273193359375,10325.001220703125,0,10314
af4db3e4-2f01-40ce-bb36-c9f1f8b420a1,1012,Worker1,10318.225341796875,10331.001220703125,0,10318
af4db3e4-2f01-40ce-bb36-c9f1f8b420a1,1014,Worker1,10320.254150390625,10337.001220703125,0,10320
af4db3e4-2f01-40ce-bb36-c9f1f8b420a1,1013,Worker1,10320.111328125,10344.001220703125,0,10320
af4db3e4-2f01-40ce-bb36-c9f1f8b420a1,1015,Worker1,10341.296142578125,10358.001220703125,0,10341
af4db3e4-2f01-40ce-bb36-c9f1f8b420a1,1016,Worker1,10344.115234375,10355.001220703125,0,10344
af4db3e4-2f01-40ce-bb36-c9f1f8b420a1,1017,Worker1,10353.254150390625,10365.001220703125,0,10353
af4db3e4-2f01-40ce-bb36-c9f1f8b420a1,1018,Worker1,10359.332275390625,10369.001220703125,0,10359
af4db3e4-2f01-40ce-bb36-c9f1f8b420a1,1019,Worker1,10376.295166015625,10386.001220703125,0,10376
af4db3e4-2f01-40ce-bb36-c9f1f8b420a1,1021,Worker1,10378.1142578125,10404.001220703125,0,10378
af4db3e4-2f01-40ce-bb36-c9f1f8b420a1,1020,Worker1,10378.310302734375,10389.001220703125,0,10378
af4db3e4-2f01-40ce-bb36-c9f1f8b420a1,1022,Worker1,10383.168212890625,10401.001220703125,0,10383
af4db3e4-2f01-40ce-bb36-c9f1f8b420a1,1023,Worker1,10397.267333984375,10424.001220703125,0,10397
af4db3e4-2f01-40ce-bb36-c9f1f8b420a1,1024,Worker1,10406.13623046875,10423.001220703125,0,10406
af4db3e4-2f01-40ce-bb36-c9f1f8b420a1,1025,Worker1,10438.247314453125,10451.001220703125,0,10438
af4db3e4-2f01-40ce-bb36-c9f1f8b420a1,1026,Worker1,10442.192138671875,10457.001220703125,0,10442
af4db3e4-2f01-40ce-bb36-c9f1f8b420a1,1028,Worker1,10444.294189453125,10470.001220703125,0,10444
af4db3e4-2f01-40ce-bb36-c9f1f8b420a1,1027,Worker1,10444.115234375,10454.001220703125,0,10444
af4db3e4-2f01-40ce-bb36-c9f1f8b420a1,1029,Worker1,10449.1181640625,10460.001220703125,0,10449
af4db3e4-2f01-40ce-bb36-c9f1f8b420a1,1030,Worker1,10463.110107421875,10477.001220703125,0,10463
af4db3e4-2f01-40ce-bb36-c9f1f8b420a1,1031,Worker1,10472.206298828125,10488.001220703125,0,10472
af4db3e4-2f01-40ce-bb36-c9f1f8b420a1,1032,Worker1,10478.146240234375,10492.001220703125,0,10478
af4db3e4-2f01-40ce-bb36-c9f1f8b420a1,1033,Worker1,10496.21533203125,10506.001220703125,0,10496
af4db3e4-2f01-40ce-bb36-c9f1f8b420a1,1035,Worker1,10498.119140625,10513.001220703125,0,10498
af4db3e4-2f01-40ce-bb36-c9f1f8b420a1,1034,Worker1,10498.1123046875,10511.001220703125,0,10498
af4db3e4-2f01-40ce-bb36-c9f1f8b420a1,1036,Worker1,10503.190185546875,10513.001220703125,0,10503
af4db3e4-2f01-40ce-bb36-c9f1f8b420a1,1037,Worker1,10517.15625,10530.001220703125,0,10517
af4db3e4-2f01-40ce-bb36-c9f1f8b420a1,1038,Worker1,10518.088134765625,10586.001220703125,0,10518
af4db3e4-2f01-40ce-bb36-c9f1f8b420a1,1039,Worker1,10525.146240234375,10533.001220703125,0,10525
af4db3e4-2f01-40ce-bb36-c9f1f8b420a1,1040,Worker1,10529.289306640625,10541.001220703125,0,10529
af4db3e4-2f01-40ce-bb36-c9f1f8b420a1,1041,Worker1,10541.225341796875,10557.001220703125,0,10541
af4db3e4-2f01-40ce-bb36-c9f1f8b420a1,1042,Worker1,10549.294189453125,10561.001220703125,0,10549
af4db3e4-2f01-40ce-bb36-c9f1f8b420a1,1043,Worker1,10574.13623046875,10586.001220703125,0,10574
af4db3e4-2f01-40ce-bb36-c9f1f8b420a1,1044,Worker1,10577.21533203125,10589.001220703125,0,10577
af4db3e4-2f01-40ce-bb36-c9f1f8b420a1,1045,Worker1,10578.101318359375,10592.001220703125,0,10578
af4db3e4-2f01-40ce-bb36-c9f1f8b420a1,1046,Worker1,10585.2802734375,10596.001220703125,0,10585
af4db3e4-2f01-40ce-bb36-c9f1f8b420a1,1047,Worker1,10589.1123046875,10601.001220703125,0,10589
af4db3e4-2f01-40ce-bb36-c9f1f8b420a1,1048,Worker1,10591.108154296875,10607.001220703125,0,10591
af4db3e4-2f01-40ce-bb36-c9f1f8b420a1,1049,Worker1,10599.130126953125,10617.001220703125,0,10599
af4db3e4-2f01-40ce-bb36-c9f1f8b420a1,1050,Worker1,10604.208251953125,10623.001220703125,0,10604
af4db3e4-2f01-40ce-bb36-c9f1f8b420a1,1051,Worker1,10619.26025390625,10632.001220703125,0,10619
af4db3e4-2f01-40ce-bb36-c9f1f8b420a1,1052,Worker1,10629.127197265625,10639.001220703125,0,10629
af4db3e4-2f01-40ce-bb36-c9f1f8b420a1,1053,Worker1,10636.255126953125,10649.001220703125,0,10636
af4db3e4-2f01-40ce-bb36-c9f1f8b420a1,1054,Worker1,10655.190185546875,10669.001220703125,0,10655
af4db3e4-2f01-40ce-bb36-c9f1f8b420a1,1055,Worker1,10657.107177734375,10668.001220703125,0,10657
af4db3e4-2f01-40ce-bb36-c9f1f8b420a1,1056,Worker1,10658.09912109375,10669.001220703125,0,10658
af4db3e4-2f01-40ce-bb36-c9f1f8b420a1,1057,Worker1,10664.184326171875,10684.001220703125,0,10664
af4db3e4-2f01-40ce-bb36-c9f1f8b420a1,1058,Worker1,10679.158203125,10692.001220703125,0,10679
af4db3e4-2f01-40ce-bb36-c9f1f8b420a1,1059,Worker1,10681.1142578125,10697.001220703125,0,10681
af4db3e4-2f01-40ce-bb36-c9f1f8b420a1,1060,Worker1,10681.123291015625,10692.001220703125,0,10681
af4db3e4-2f01-40ce-bb36-c9f1f8b420a1,1061,Worker1,10686.130126953125,10699.001220703125,0,10686
af4db3e4-2f01-40ce-bb36-c9f1f8b420a1,1062,Worker1,10688.1142578125,10699.001220703125,0,10688
af4db3e4-2f01-40ce-bb36-c9f1f8b420a1,1063,Worker1,10697.146240234375,10707.001220703125,0,10697
af4db3e4-2f01-40ce-bb36-c9f1f8b420a1,1064,Worker1,10703.128173828125,10716.001220703125,0,10703
af4db3e4-2f01-40ce-bb36-c9f1f8b420a1,1065,Worker1,10719.131103515625,10729.001220703125,0,10719
af4db3e4-2f01-40ce-bb36-c9f1f8b420a1,1066,Worker1,10721.100341796875,10731.001220703125,0,10721
af4db3e4-2f01-40ce-bb36-c9f1f8b420a1,1067,Worker1,10728.11328125,10740.001220703125,0,10728
af4db3e4-2f01-40ce-bb36-c9f1f8b420a1,1068,Worker1,10748.230224609375,10764.001220703125,0,10748
af4db3e4-2f01-40ce-bb36-c9f1f8b420a1,1069,Worker1,10751.207275390625,10764.001220703125,0,10751
af4db3e4-2f01-40ce-bb36-c9f1f8b420a1,1070,Worker1,10752.087158203125,10763.001220703125,0,10752
af4db3e4-2f01-40ce-bb36-c9f1f8b420a1,1071,Worker1,10758.189208984375,10784.001220703125,0,10758
af4db3e4-2f01-40ce-bb36-c9f1f8b420a1,1072,Worker1,10762.13818359375,10775.001220703125,0,10762
af4db3e4-2f01-40ce-bb36-c9f1f8b420a1,1073,Worker1,10773.2373046875,10784.001220703125,0,10773
af4db3e4-2f01-40ce-bb36-c9f1f8b420a1,1074,Worker1,10780.142333984375,10793.001220703125,0,10780
af4db3e4-2f01-40ce-bb36-c9f1f8b420a1,1075,Worker1,10785.2841796875,10795.001220703125,0,10785
af4db3e4-2f01-40ce-bb36-c9f1f8b420a1,1076,Worker1,10788.104248046875,10802.001220703125,0,10788
af4db3e4-2f01-40ce-bb36-c9f1f8b420a1,1077,Worker1,10797.2373046875,10807.001220703125,0,10797
af4db3e4-2f01-40ce-bb36-c9f1f8b420a1,1078,Worker1,10828.121337890625,10841.001220703125,0,10828
af4db3e4-2f01-40ce-bb36-c9f1f8b420a1,1079,Worker1,10832.248291015625,10892.001220703125,0,10832
af4db3e4-2f01-40ce-bb36-c9f1f8b420a1,1080,Worker1,10834.109130859375,10848.001220703125,0,10834
af4db3e4-2f01-40ce-bb36-c9f1f8b420a1,1081,Worker1,10842.126220703125,10856.001220703125,0,10842
af4db3e4-2f01-40ce-bb36-c9f1f8b420a1,1082,Worker1,10864.185302734375,10893.001220703125,0,10864
af4db3e4-2f01-40ce-bb36-c9f1f8b420a1,1083,Worker1,10878.13916015625,10890.001220703125,0,10878
af4db3e4-2f01-40ce-bb36-c9f1f8b420a1,1084,Worker1,10887.13525390625,10898.001220703125,0,10887
af4db3e4-2f01-40ce-bb36-c9f1f8b420a1,1085,Worker1,10893.185302734375,10903.001220703125,0,10893
af4db3e4-2f01-40ce-bb36-c9f1f8b420a1,1086,Worker1,10910.13916015625,10924.001220703125,0,10910
af4db3e4-2f01-40ce-bb36-c9f1f8b420a1,1087,Worker1,10912.111328125,10924.001220703125,0,10912
af4db3e4-2f01-40ce-bb36-c9f1f8b420a1,1088,Worker1,10920.236328125,10933.001220703125,0,10920
af4db3e4-2f01-40ce-bb36-c9f1f8b420a1,1089,Worker1,10925.184326171875,10935.001220703125,0,10925
af4db3e4-2f01-40ce-bb36-c9f1f8b420a1,1090,Worker1,10939.26611328125,10954.001220703125,0,10939
af4db3e4-2f01-40ce-bb36-c9f1f8b420a1,1091,Worker1,10940.09228515625,10953.001220703125,0,10940
af4db3e4-2f01-40ce-bb36-c9f1f8b420a1,1092,Worker1,10946.13330078125,10958.001220703125,0,10946
af4db3e4-2f01-40ce-bb36-c9f1f8b420a1,1093,Worker1,10964.2392578125,10973.001220703125,0,10964
af4db3e4-2f01-40ce-bb36-c9f1f8b420a1,1095,Worker1,10966.09716796875,10977.001220703125,0,10966
af4db3e4-2f01-40ce-bb36-c9f1f8b420a1,1094,Worker1,10966.1162109375,10979.001220703125,0,10966
af4db3e4-2f01-40ce-bb36-c9f1f8b420a1,1096,Worker1,10990.1962890625,11002.001220703125,0,10990
af4db3e4-2f01-40ce-bb36-c9f1f8b420a1,1097,Worker1,11004.1552734375,11016.001220703125,0,11004
af4db3e4-2f01-40ce-bb36-c9f1f8b420a1,1098,Worker1,11014.131103515625,11033.001220703125,0,11014
af4db3e4-2f01-40ce-bb36-c9f1f8b420a1,1099,Worker1,11021.1171875,11034.001220703125,0,11021
af4db3e4-2f01-40ce-bb36-c9f1f8b420a1,1100,Worker1,11025.29833984375,11037.001220703125,0,11025
af4db3e4-2f01-40ce-bb36-c9f1f8b420a1,1101,Worker1,11027.1171875,11039.001220703125,0,11027
af4db3e4-2f01-40ce-bb36-c9f1f8b420a1,1102,Worker1,11028.101318359375,11037.001220703125,0,11028
af4db3e4-2f01-40ce-bb36-c9f1f8b420a1,1103,Worker1,11033.1123046875,11047.001220703125,0,11033
af4db3e4-2f01-40ce-bb36-c9f1f8b420a1,1104,Worker1,11036.13623046875,11047.001220703125,0,11036
af4db3e4-2f01-40ce-bb36-c9f1f8b420a1,1105,Worker1,11037.09326171875,11048.001220703125,0,11037
af4db3e4-2f01-40ce-bb36-c9f1f8b420a1,1106,Worker1,11081.26611328125,11094.001220703125,0,11081
af4db3e4-2f01-40ce-bb36-c9f1f8b420a1,1107,Worker1,11100.145263671875,11114.001220703125,0,11100
af4db3e4-2f01-40ce-bb36-c9f1f8b420a1,1108,Worker1,11112.154296875,11122.001220703125,0,11112
af4db3e4-2f01-40ce-bb36-c9f1f8b420a1,1109,Worker1,11113.09814453125,11125.001220703125,0,11113
af4db3e4-2f01-40ce-bb36-c9f1f8b420a1,1110,Worker1,11118.13427734375,11127.001220703125,0,11118
af4db3e4-2f01-40ce-bb36-c9f1f8b420a1,1111,Worker1,11121.111328125,11133.001220703125,0,11121
af4db3e4-2f01-40ce-bb36-c9f1f8b420a1,1112,Worker1,11122.103271484375,11133.001220703125,0,11122
af4db3e4-2f01-40ce-bb36-c9f1f8b420a1,1113,Worker1,11129.193115234375,11141.001220703125,0,11129
af4db3e4-2f01-40ce-bb36-c9f1f8b420a1,1114,Worker1,11148.1943359375,11159.001220703125,0,11148
af4db3e4-2f01-40ce-bb36-c9f1f8b420a1,1115,Worker1,11150.102294921875,11161.001220703125,0,11150
af4db3e4-2f01-40ce-bb36-c9f1f8b420a1,1116,Worker1,11159.213134765625,11183.001220703125,0,11159
af4db3e4-2f01-40ce-bb36-c9f1f8b420a1,1117,Worker1,11165.1142578125,11183.001220703125,0,11165
af4db3e4-2f01-40ce-bb36-c9f1f8b420a1,1118,Worker1,11181.248291015625,11202.001220703125,0,11181
af4db3e4-2f01-40ce-bb36-c9f1f8b420a1,1119,Worker1,11191.235107421875,11217.001220703125,0,11191
af4db3e4-2f01-40ce-bb36-c9f1f8b420a1,1120,Worker1,11191.226318359375,11211.001220703125,0,11191
af4db3e4-2f01-40ce-bb36-c9f1f8b420a1,1121,Worker1,11196.1982421875,11236.001220703125,0,11196
af4db3e4-2f01-40ce-bb36-c9f1f8b420a1,1122,Worker1,11199.1123046875,11212.001220703125,0,11199
af4db3e4-2f01-40ce-bb36-c9f1f8b420a1,1123,Worker1,11200.105224609375,11211.001220703125,0,11200
af4db3e4-2f01-40ce-bb36-c9f1f8b420a1,1124,Worker1,11228.193115234375,11249.001220703125,0,11228
af4db3e4-2f01-40ce-bb36-c9f1f8b420a1,1125,Worker1,11244.2392578125,11258.001220703125,0,11244
af4db3e4-2f01-40ce-bb36-c9f1f8b420a1,1126,Worker1,11255.17626953125,11267.001220703125,0,11255
af4db3e4-2f01-40ce-bb36-c9f1f8b420a1,1127,Worker1,11262.2431640625,11274.001220703125,0,11262
af4db3e4-2f01-40ce-bb36-c9f1f8b420a1,1128,Worker1,11283.142333984375,11295.001220703125,0,11283
af4db3e4-2f01-40ce-bb36-c9f1f8b420a1,1129,Worker1,11286.13720703125,11298.001220703125,0,11286
af4db3e4-2f01-40ce-bb36-c9f1f8b420a1,1130,Worker1,11287.09912109375,11298.001220703125,0,11287
af4db3e4-2f01-40ce-bb36-c9f1f8b420a1,1131,Worker1,11317.127197265625,11331.001220703125,0,11317
af4db3e4-2f01-40ce-bb36-c9f1f8b420a1,1132,Worker1,11333.291259765625,11345.001220703125,0,11333
af4db3e4-2f01-40ce-bb36-c9f1f8b420a1,1133,Worker1,11344.2021484375,11354.001220703125,0,11344
af4db3e4-2f01-40ce-bb36-c9f1f8b420a1,1134,Worker1,11351.188232421875,11360.001220703125,0,11351
af4db3e4-2f01-40ce-bb36-c9f1f8b420a1,1135,Worker1,11373.29931640625,11387.001220703125,0,11373
af4db3e4-2f01-40ce-bb36-c9f1f8b420a1,1136,Worker1,11386.145263671875,11437.001220703125,0,11386
af4db3e4-2f01-40ce-bb36-c9f1f8b420a1,1137,Worker1,11387.09521484375,11403.001220703125,0,11387
af4db3e4-2f01-40ce-bb36-c9f1f8b420a1,1138,Worker1,11419.2392578125,11430.001220703125,0,11419
af4db3e4-2f01-40ce-bb36-c9f1f8b420a1,1139,Worker1,11436.203125,11449.001220703125,0,11436
af4db3e4-2f01-40ce-bb36-c9f1f8b420a1,1140,Worker1,11447.121337890625,11465.001220703125,0,11447
af4db3e4-2f01-40ce-bb36-c9f1f8b420a1,1141,Worker1,11455.246337890625,11470.001220703125,0,11455
af4db3e4-2f01-40ce-bb36-c9f1f8b420a1,1142,Worker1,11460.1181640625,11497.001220703125,0,11460
af4db3e4-2f01-40ce-bb36-c9f1f8b420a1,1143,Worker1,11463.233154296875,11475.001220703125,0,11463
af4db3e4-2f01-40ce-bb36-c9f1f8b420a1,1144,Worker1,11464.101318359375,11476.001220703125,0,11464
af4db3e4-2f01-40ce-bb36-c9f1f8b420a1,1145,Worker1,11498.1201171875,11511.001220703125,0,11498
af4db3e4-2f01-40ce-bb36-c9f1f8b420a1,1146,Worker1,11502.148193359375,11517.001220703125,0,11502
af4db3e4-2f01-40ce-bb36-c9f1f8b420a1,1147,Worker1,11514.130126953125,11526.001220703125,0,11514
af4db3e4-2f01-40ce-bb36-c9f1f8b420a1,1148,Worker1,11515.09814453125,11528.001220703125,0,11515
af4db3e4-2f01-40ce-bb36-c9f1f8b420a1,1149,Worker1,11558.277099609375,11582.001220703125,0,11558
af4db3e4-2f01-40ce-bb36-c9f1f8b420a1,1150,Worker1,11576.13916015625,11591.001220703125,0,11576
af4db3e4-2f01-40ce-bb36-c9f1f8b420a1,1151,Worker1,11578.106201171875,11595.001220703125,0,11578
af4db3e4-2f01-40ce-bb36-c9f1f8b420a1,1152,Worker1,11586.128173828125,11599.001220703125,0,11586
af4db3e4-2f01-40ce-bb36-c9f1f8b420a1,1153,Worker1,11591.13232421875,11603.001220703125,0,11591
af4db3e4-2f01-40ce-bb36-c9f1f8b420a1,1154,Worker1,11594.127197265625,11605.001220703125,0,11594
af4db3e4-2f01-40ce-bb36-c9f1f8b420a1,1155,Worker1,11595.09716796875,11613.001220703125,0,11595
af4db3e4-2f01-40ce-bb36-c9f1f8b420a1,1156,Worker1,11644.1953125,11657.001220703125,0,11644
af4db3e4-2f01-40ce-bb36-c9f1f8b420a1,1157,Worker1,11648.115234375,11660.001220703125,0,11648
af4db3e4-2f01-40ce-bb36-c9f1f8b420a1,1158,Worker1,11650.107177734375,11668.001220703125,0,11650
af4db3e4-2f01-40ce-bb36-c9f1f8b420a1,1159,Worker1,11651.102294921875,11662.001220703125,0,11651
af4db3e4-2f01-40ce-bb36-c9f1f8b420a1,1160,Worker1,11677.192138671875,11690.001220703125,0,11677
af4db3e4-2f01-40ce-bb36-c9f1f8b420a1,1161,Worker1,11692.192138671875,11705.001220703125,0,11692
af4db3e4-2f01-40ce-bb36-c9f1f8b420a1,1162,Worker1,11702.13232421875,11714.001220703125,0,11702
af4db3e4-2f01-40ce-bb36-c9f1f8b420a1,1163,Worker1,11709.246337890625,11730.001220703125,0,11709
af4db3e4-2f01-40ce-bb36-c9f1f8b420a1,1164,Worker1,11713.14111328125,11732.001220703125,0,11713
af4db3e4-2f01-40ce-bb36-c9f1f8b420a1,1165,Worker1,11726.13623046875,11741.001220703125,0,11726
af4db3e4-2f01-40ce-bb36-c9f1f8b420a1,1166,Worker1,11735.236328125,11760.001220703125,0,11735
af4db3e4-2f01-40ce-bb36-c9f1f8b420a1,1167,Worker1,11741.236328125,11752.001220703125,0,11741
af4db3e4-2f01-40ce-bb36-c9f1f8b420a1,1168,Worker1,11757.2041015625,11768.001220703125,0,11757
af4db3e4-2f01-40ce-bb36-c9f1f8b420a1,1169,Worker1,11759.252197265625,11770.001220703125,0,11759
af4db3e4-2f01-40ce-bb36-c9f1f8b420a1,1170,Worker1,11759.107177734375,11775.001220703125,0,11759
af4db3e4-2f01-40ce-bb36-c9f1f8b420a1,1171,Worker1,11779.162109375,11791.001220703125,0,11779
af4db3e4-2f01-40ce-bb36-c9f1f8b420a1,1172,Worker1,11782.18017578125,11792.001220703125,0,11782
af4db3e4-2f01-40ce-bb36-c9f1f8b420a1,1173,Worker1,11791.1123046875,11803.001220703125,0,11791
af4db3e4-2f01-40ce-bb36-c9f1f8b420a1,1174,Worker1,11797.165283203125,11810.001220703125,0,11797
af4db3e4-2f01-40ce-bb36-c9f1f8b420a1,1175,Worker1,11801.124267578125,11811.001220703125,0,11801
af4db3e4-2f01-40ce-bb36-c9f1f8b420a1,1176,Worker1,11812.147216796875,11827.001220703125,0,11812
af4db3e4-2f01-40ce-bb36-c9f1f8b420a1,1177,Worker1,11812.1572265625,11826.001220703125,0,11812
af4db3e4-2f01-40ce-bb36-c9f1f8b420a1,1178,Worker1,11833.252197265625,11857.001220703125,0,11833
af4db3e4-2f01-40ce-bb36-c9f1f8b420a1,1179,Worker1,11836.30712890625,11847.001220703125,0,11836
af4db3e4-2f01-40ce-bb36-c9f1f8b420a1,1180,Worker1,11845.248291015625,11855.001220703125,0,11845
af4db3e4-2f01-40ce-bb36-c9f1f8b420a1,1181,Worker1,11875.32421875,11888.001220703125,0,11875
af4db3e4-2f01-40ce-bb36-c9f1f8b420a1,1182,Worker1,11892.205322265625,11905.001220703125,0,11892
af4db3e4-2f01-40ce-bb36-c9f1f8b420a1,1183,Worker1,11894.249267578125,11907.001220703125,0,11894
af4db3e4-2f01-40ce-bb36-c9f1f8b420a1,1184,Worker1,11894.1142578125,11905.001220703125,0,11894
af4db3e4-2f01-40ce-bb36-c9f1f8b420a1,1185,Worker1,11899.144287109375,11913.001220703125,0,11899
af4db3e4-2f01-40ce-bb36-c9f1f8b420a1,1186,Worker1,11913.26220703125,11927.001220703125,0,11913
af4db3e4-2f01-40ce-bb36-c9f1f8b420a1,1187,Worker1,11922.148193359375,11937.001220703125,0,11922
af4db3e4-2f01-40ce-bb36-c9f1f8b420a1,1188,Worker1,11954.165283203125,11971.001220703125,0,11954
af4db3e4-2f01-40ce-bb36-c9f1f8b420a1,1189,Worker1,11971.3671875,11987.001220703125,0,11971
af4db3e4-2f01-40ce-bb36-c9f1f8b420a1,1190,Worker1,11973.1171875,11985.001220703125,0,11973
af4db3e4-2f01-40ce-bb36-c9f1f8b420a1,1191,Worker1,11981.119140625,11993.001220703125,0,11981
af4db3e4-2f01-40ce-bb36-c9f1f8b420a1,1192,Worker1,11986.21923828125,11998.001220703125,0,11986
af4db3e4-2f01-40ce-bb36-c9f1f8b420a1,1193,Worker1,12000.13818359375,12012.001220703125,0,12000
af4db3e4-2f01-40ce-bb36-c9f1f8b420a1,1194,Worker1,12009.252197265625,12022.001220703125,0,12009
af4db3e4-2f01-40ce-bb36-c9f1f8b420a1,1195,Worker1,12015.229248046875,12028.001220703125,0,12015
af4db3e4-2f01-40ce-bb36-c9f1f8b420a1,1196,Worker1,12032.147216796875,12044.001220703125,0,12032
af4db3e4-2f01-40ce-bb36-c9f1f8b420a1,1197,Worker1,12034.128173828125,12047.001220703125,0,12034
af4db3e4-2f01-40ce-bb36-c9f1f8b420a1,1198,Worker1,12042.26318359375,12054.001220703125,0,12042
af4db3e4-2f01-40ce-bb36-c9f1f8b420a1,1199,Worker1,12065.42822265625,12078.001220703125,0,12065
af4db3e4-2f01-40ce-bb36-c9f1f8b420a1,1200,Worker1,12079.13427734375,12091.001220703125,0,12079
af4db3e4-2f01-40ce-bb36-c9f1f8b420a1,1201,Worker1,12089.115234375,12106.001220703125,0,12089
af4db3e4-2f01-40ce-bb36-c9f1f8b420a1,1202,Worker1,12127.28125,12138.001220703125,0,12127
af4db3e4-2f01-40ce-bb36-c9f1f8b420a1,1203,Worker1,12131.212158203125,12147.001220703125,0,12131
af4db3e4-2f01-40ce-bb36-c9f1f8b420a1,1204,Worker1,12133.110107421875,12145.001220703125,0,12133
af4db3e4-2f01-40ce-bb36-c9f1f8b420a1,1205,Worker1,12134.089111328125,12146.001220703125,0,12134
af4db3e4-2f01-40ce-bb36-c9f1f8b420a1,1206,Worker1,12158.151123046875,12169.001220703125,0,12158
af4db3e4-2f01-40ce-bb36-c9f1f8b420a1,1207,Worker1,12161.25732421875,12174.001220703125,0,12161
af4db3e4-2f01-40ce-bb36-c9f1f8b420a1,1208,Worker1,12162.103271484375,12174.001220703125,0,12162
af4db3e4-2f01-40ce-bb36-c9f1f8b420a1,1209,Worker1,12203.186279296875,12215.001220703125,0,12203
af4db3e4-2f01-40ce-bb36-c9f1f8b420a1,1210,Worker1,12207.111328125,12217.001220703125,0,12207
af4db3e4-2f01-40ce-bb36-c9f1f8b420a1,1211,Worker1,12219.129150390625,12231.001220703125,0,12219
af4db3e4-2f01-40ce-bb36-c9f1f8b420a1,1212,Worker1,12220.101318359375,12230.001220703125,0,12220
af4db3e4-2f01-40ce-bb36-c9f1f8b420a1,1213,Worker1,12225.229248046875,12237.001220703125,0,12225
af4db3e4-2f01-40ce-bb36-c9f1f8b420a1,1214,Worker1,12240.17626953125,12254.001220703125,0,12240
af4db3e4-2f01-40ce-bb36-c9f1f8b420a1,1215,Worker1,12241.102294921875,12252.001220703125,0,12241
af4db3e4-2f01-40ce-bb36-c9f1f8b420a1,1216,Worker1,12248.100341796875,12259.001220703125,0,12248
af4db3e4-2f01-40ce-bb36-c9f1f8b420a1,1217,Worker1,12252.122314453125,12262.001220703125,0,12252
af4db3e4-2f01-40ce-bb36-c9f1f8b420a1,1218,Worker1,12254.109130859375,12265.001220703125,0,12254
af4db3e4-2f01-40ce-bb36-c9f1f8b420a1,1219,Worker1,12262.115234375,12280.001220703125,0,12262
af4db3e4-2f01-40ce-bb36-c9f1f8b420a1,1220,Worker1,12268.13818359375,12278.001220703125,0,12268
af4db3e4-2f01-40ce-bb36-c9f1f8b420a1,1221,Worker1,12284.352294921875,12305.001220703125,0,12284
af4db3e4-2f01-40ce-bb36-c9f1f8b420a1,1223,Worker1,12294.275146484375,12306.001220703125,0,12294
af4db3e4-2f01-40ce-bb36-c9f1f8b420a1,1222,Worker1,12294.275146484375,12311.001220703125,0,12294
af4db3e4-2f01-40ce-bb36-c9f1f8b420a1,1224,Worker1,12298.201171875,12314.001220703125,0,12298
af4db3e4-2f01-40ce-bb36-c9f1f8b420a1,1225,Worker1,12300.106201171875,12314.001220703125,0,12300
af4db3e4-2f01-40ce-bb36-c9f1f8b420a1,1226,Worker1,12301.107177734375,12311.001220703125,0,12301
af4db3e4-2f01-40ce-bb36-c9f1f8b420a1,1227,Worker1,12329.152099609375,12339.001220703125,0,12329
af4db3e4-2f01-40ce-bb36-c9f1f8b420a1,1228,Worker1,12345.104248046875,12360.001220703125,0,12345
af4db3e4-2f01-40ce-bb36-c9f1f8b420a1,1229,Worker1,12347.115234375,12359.001220703125,0,12347
af4db3e4-2f01-40ce-bb36-c9f1f8b420a1,1230,Worker1,12347.124267578125,12360.001220703125,0,12347
af4db3e4-2f01-40ce-bb36-c9f1f8b420a1,1231,Worker1,12352.1142578125,12368.001220703125,0,12352
af4db3e4-2f01-40ce-bb36-c9f1f8b420a1,1232,Worker1,12355.13525390625,12370.001220703125,0,12355
af4db3e4-2f01-40ce-bb36-c9f1f8b420a1,1233,Worker1,12356.105224609375,12367.001220703125,0,12356
af4db3e4-2f01-40ce-bb36-c9f1f8b420a1,1234,Worker1,12387.154296875,12403.001220703125,0,12387
af4db3e4-2f01-40ce-bb36-c9f1f8b420a1,1235,Worker1,12391.108154296875,12403.001220703125,0,12391
af4db3e4-2f01-40ce-bb36-c9f1f8b420a1,1236,Worker1,12393.108154296875,12405.001220703125,0,12393
af4db3e4-2f01-40ce-bb36-c9f1f8b420a1,1237,Worker1,12400.188232421875,12413.001220703125,0,12400
af4db3e4-2f01-40ce-bb36-c9f1f8b420a1,1238,Worker1,12405.16015625,12418.001220703125,0,12405
af4db3e4-2f01-40ce-bb36-c9f1f8b420a1,1239,Worker1,12408.106201171875,12418.001220703125,0,12408
af4db3e4-2f01-40ce-bb36-c9f1f8b420a1,1240,Worker1,12409.082275390625,12423.001220703125,0,12409
af4db3e4-2f01-40ce-bb36-c9f1f8b420a1,1241,Worker1,12440.240234375,12464.001220703125,0,12440
af4db3e4-2f01-40ce-bb36-c9f1f8b420a1,1242,Worker1,12444.21923828125,12463.001220703125,0,12444
af4db3e4-2f01-40ce-bb36-c9f1f8b420a1,1243,Worker1,12446.1142578125,12460.001220703125,0,12446
af4db3e4-2f01-40ce-bb36-c9f1f8b420a1,1244,Worker1,12454.22216796875,12466.001220703125,0,12454
af4db3e4-2f01-40ce-bb36-c9f1f8b420a1,1245,Worker1,12476.231201171875,12497.001220703125,0,12476
af4db3e4-2f01-40ce-bb36-c9f1f8b420a1,1246,Worker1,12490.25830078125,12513.001220703125,0,12490
af4db3e4-2f01-40ce-bb36-c9f1f8b420a1,1247,Worker1,12491.107177734375,12506.001220703125,0,12491
af4db3e4-2f01-40ce-bb36-c9f1f8b420a1,1248,Worker1,12497.163330078125,12509.001220703125,0,12497
af4db3e4-2f01-40ce-bb36-c9f1f8b420a1,1249,Worker1,12501.233154296875,12514.001220703125,0,12501
af4db3e4-2f01-40ce-bb36-c9f1f8b420a1,1250,Worker1,12512.17822265625,12525.001220703125,0,12512
af4db3e4-2f01-40ce-bb36-c9f1f8b420a1,1251,Worker1,12512.311279296875,12531.001220703125,0,12512
af4db3e4-2f01-40ce-bb36-c9f1f8b420a1,1252,Worker1,12517.107177734375,12531.001220703125,0,12517
af4db3e4-2f01-40ce-bb36-c9f1f8b420a1,1253,Worker1,12531.163330078125,12546.001220703125,0,12531
af4db3e4-2f01-40ce-bb36-c9f1f8b420a1,1254,Worker1,12532.105224609375,12546.001220703125,0,12532
af4db3e4-2f01-40ce-bb36-c9f1f8b420a1,1255,Worker1,12538.207275390625,12558.001220703125,0,12538
af4db3e4-2f01-40ce-bb36-c9f1f8b420a1,1256,Worker1,12542.274169921875,12555.001220703125,0,12542
af4db3e4-2f01-40ce-bb36-c9f1f8b420a1,1257,Worker1,12554.131103515625,12567.001220703125,0,12554
af4db3e4-2f01-40ce-bb36-c9f1f8b420a1,1258,Worker1,12562.21630859375,12584.001220703125,0,12562
af4db3e4-2f01-40ce-bb36-c9f1f8b420a1,1259,Worker1,12567.1201171875,12578.001220703125,0,12567
af4db3e4-2f01-40ce-bb36-c9f1f8b420a1,1260,Worker1,12581.246337890625,12604.001220703125,0,12581
af4db3e4-2f01-40ce-bb36-c9f1f8b420a1,1261,Worker1,12591.17431640625,12605.001220703125,0,12591
af4db3e4-2f01-40ce-bb36-c9f1f8b420a1,1262,Worker1,12632.310302734375,12657.001220703125,0,12632
af4db3e4-2f01-40ce-bb36-c9f1f8b420a1,1263,Worker1,12650.13525390625,12666.001220703125,0,12650
af4db3e4-2f01-40ce-bb36-c9f1f8b420a1,1264,Worker1,12662.152099609375,12674.001220703125,0,12662
af4db3e4-2f01-40ce-bb36-c9f1f8b420a1,1265,Worker1,12670.13330078125,12683.001220703125,0,12670
af4db3e4-2f01-40ce-bb36-c9f1f8b420a1,1266,Worker1,12675.142333984375,12688.001220703125,0,12675
af4db3e4-2f01-40ce-bb36-c9f1f8b420a1,1267,Worker1,12678.13720703125,12690.001220703125,0,12678
af4db3e4-2f01-40ce-bb36-c9f1f8b420a1,1268,Worker1,12688.256103515625,12702.001220703125,0,12688
af4db3e4-2f01-40ce-bb36-c9f1f8b420a1,1269,Worker1,12695.154296875,12709.001220703125,0,12695
af4db3e4-2f01-40ce-bb36-c9f1f8b420a1,1270,Worker1,12699.374267578125,12712.001220703125,0,12699
af4db3e4-2f01-40ce-bb36-c9f1f8b420a1,1271,Worker1,12701.1123046875,12783.001220703125,0,12701
af4db3e4-2f01-40ce-bb36-c9f1f8b420a1,1272,Worker1,12709.09912109375,12718.001220703125,0,12709
af4db3e4-2f01-40ce-bb36-c9f1f8b420a1,1273,Worker1,12714.213134765625,12724.001220703125,0,12714
af4db3e4-2f01-40ce-bb36-c9f1f8b420a1,1274,Worker1,12729.151123046875,12740.001220703125,0,12729
af4db3e4-2f01-40ce-bb36-c9f1f8b420a1,1275,Worker1,12739.1181640625,12752.001220703125,0,12739
af4db3e4-2f01-40ce-bb36-c9f1f8b420a1,1276,Worker1,12739.13330078125,12754.001220703125,0,12739
af4db3e4-2f01-40ce-bb36-c9f1f8b420a1,1277,Worker1,12758.1943359375,12769.001220703125,0,12758
af4db3e4-2f01-40ce-bb36-c9f1f8b420a1,1278,Worker1,12771.13623046875,12784.001220703125,0,12771
af4db3e4-2f01-40ce-bb36-c9f1f8b420a1,1279,Worker1,12772.101318359375,12785.001220703125,0,12772
af4db3e4-2f01-40ce-bb36-c9f1f8b420a1,1280,Worker1,12799.122314453125,12897.001220703125,0,12799
af4db3e4-2f01-40ce-bb36-c9f1f8b420a1,1281,Worker1,12815.21923828125,12837.001220703125,0,12815
af4db3e4-2f01-40ce-bb36-c9f1f8b420a1,1282,Worker1,12825.13623046875,12836.001220703125,0,12825
af4db3e4-2f01-40ce-bb36-c9f1f8b420a1,1283,Worker1,12832.2021484375,12844.001220703125,0,12832
af4db3e4-2f01-40ce-bb36-c9f1f8b420a1,1284,Worker1,12852.22216796875,12864.001220703125,0,12852
af4db3e4-2f01-40ce-bb36-c9f1f8b420a1,1285,Worker1,12854.11328125,12864.001220703125,0,12854
af4db3e4-2f01-40ce-bb36-c9f1f8b420a1,1286,Worker1,12855.086181640625,12867.001220703125,0,12855
af4db3e4-2f01-40ce-bb36-c9f1f8b420a1,1287,Worker1,12883.2021484375,12900.001220703125,0,12883
af4db3e4-2f01-40ce-bb36-c9f1f8b420a1,1288,Worker1,12899.1552734375,12924.001220703125,0,12899
af4db3e4-2f01-40ce-bb36-c9f1f8b420a1,1289,Worker1,12901.147216796875,12914.001220703125,0,12901
af4db3e4-2f01-40ce-bb36-c9f1f8b420a1,1290,Worker1,12908.149169921875,12921.001220703125,0,12908
af4db3e4-2f01-40ce-bb36-c9f1f8b420a1,1291,Worker1,12929.268310546875,12940.001220703125,0,12929
af4db3e4-2f01-40ce-bb36-c9f1f8b420a1,1292,Worker1,12932.119140625,12944.001220703125,0,12932
af4db3e4-2f01-40ce-bb36-c9f1f8b420a1,1293,Worker1,12933.103271484375,12945.001220703125,0,12933
af4db3e4-2f01-40ce-bb36-c9f1f8b420a1,1294,Worker1,12963.25732421875,12979.001220703125,0,12963
af4db3e4-2f01-40ce-bb36-c9f1f8b420a1,1295,Worker1,12980.2431640625,12991.001220703125,0,12980
af4db3e4-2f01-40ce-bb36-c9f1f8b420a1,1296,Worker1,12982.109130859375,12991.001220703125,0,12982
af4db3e4-2f01-40ce-bb36-c9f1f8b420a1,1297,Worker1,12990.267333984375,13003.001220703125,0,12990
af4db3e4-2f01-40ce-bb36-c9f1f8b420a1,1298,Worker1,12995.210205078125,13020.001220703125,0,12995
af4db3e4-2f01-40ce-bb36-c9f1f8b420a1,1299,Worker1,12998.1123046875,13010.001220703125,0,12998
af4db3e4-2f01-40ce-bb36-c9f1f8b420a1,1300,Worker1,13000.1123046875,13013.001220703125,0,13000
af4db3e4-2f01-40ce-bb36-c9f1f8b420a1,1301,Worker1,13008.190185546875,13019.001220703125,0,13008
af4db3e4-2f01-40ce-bb36-c9f1f8b420a1,1302,Worker1,13013.22314453125,13025.001220703125,0,13013
af4db3e4-2f01-40ce-bb36-c9f1f8b420a1,1303,Worker1,13027.290283203125,13040.001220703125,0,13027
af4db3e4-2f01-40ce-bb36-c9f1f8b420a1,1304,Worker1,13028.09423828125,13042.001220703125,0,13028
af4db3e4-2f01-40ce-bb36-c9f1f8b420a1,1305,Worker1,13034.190185546875,13046.001220703125,0,13034
af4db3e4-2f01-40ce-bb36-c9f1f8b420a1,1306,Worker1,13038.22119140625,13048.001220703125,0,13038
af4db3e4-2f01-40ce-bb36-c9f1f8b420a1,1307,Worker1,13040.143310546875,13064.001220703125,0,13040
af4db3e4-2f01-40ce-bb36-c9f1f8b420a1,1308,Worker1,13041.084228515625,13063.001220703125,0,13041
af4db3e4-2f01-40ce-bb36-c9f1f8b420a1,1309,Worker1,13065.192138671875,13079.001220703125,0,13065
af4db3e4-2f01-40ce-bb36-c9f1f8b420a1,1310,Worker1,13068.101318359375,13082.001220703125,0,13068
af4db3e4-2f01-40ce-bb36-c9f1f8b420a1,1311,Worker1,13078.1142578125,13091.001220703125,0,13078
af4db3e4-2f01-40ce-bb36-c9f1f8b420a1,1312,Worker1,13085.1552734375,13098.001220703125,0,13085
af4db3e4-2f01-40ce-bb36-c9f1f8b420a1,1313,Worker1,13089.186279296875,13102.001220703125,0,13089
af4db3e4-2f01-40ce-bb36-c9f1f8b420a1,1314,Worker1,13101.124267578125,13110.001220703125,0,13101
af4db3e4-2f01-40ce-bb36-c9f1f8b420a1,1315,Worker1,13102.09130859375,13117.001220703125,0,13102
af4db3e4-2f01-40ce-bb36-c9f1f8b420a1,1316,Worker1,13127.17431640625,13140.001220703125,0,13127
af4db3e4-2f01-40ce-bb36-c9f1f8b420a1,1317,Worker1,13142.2421875,13155.001220703125,0,13142
af4db3e4-2f01-40ce-bb36-c9f1f8b420a1,1318,Worker1,13143.09228515625,13162.001220703125,0,13143
af4db3e4-2f01-40ce-bb36-c9f1f8b420a1,1319,Worker1,13188.22314453125,13201.001220703125,0,13188
af4db3e4-2f01-40ce-bb36-c9f1f8b420a1,1320,Worker1,13192.190185546875,13203.001220703125,0,13192
af4db3e4-2f01-40ce-bb36-c9f1f8b420a1,1321,Worker1,13204.26025390625,13215.001220703125,0,13204
af4db3e4-2f01-40ce-bb36-c9f1f8b420a1,1322,Worker1,13205.09033203125,13223.001220703125,0,13205
af4db3e4-2f01-40ce-bb36-c9f1f8b420a1,1323,Worker1,13231.29931640625,13247.001220703125,0,13231
af4db3e4-2f01-40ce-bb36-c9f1f8b420a1,1324,Worker1,13246.144287109375,13264.001220703125,0,13246
af4db3e4-2f01-40ce-bb36-c9f1f8b420a1,1326,Worker1,13256.189208984375,13266.001220703125,0,13256
af4db3e4-2f01-40ce-bb36-c9f1f8b420a1,1325,Worker1,13256.187255859375,13269.001220703125,0,13256
af4db3e4-2f01-40ce-bb36-c9f1f8b420a1,1327,Worker1,13260.193115234375,13272.001220703125,0,13260
af4db3e4-2f01-40ce-bb36-c9f1f8b420a1,1328,Worker1,13273.1982421875,13291.001220703125,0,13273
af4db3e4-2f01-40ce-bb36-c9f1f8b420a1,1329,Worker1,13282.119140625,13297.001220703125,0,13282
af4db3e4-2f01-40ce-bb36-c9f1f8b420a1,1330,Worker1,13309.3681640625,13322.001220703125,0,13309
af4db3e4-2f01-40ce-bb36-c9f1f8b420a1,1331,Worker1,13313.184326171875,13327.001220703125,0,13313
af4db3e4-2f01-40ce-bb36-c9f1f8b420a1,1332,Worker1,13324.15625,13337.001220703125,0,13324
af4db3e4-2f01-40ce-bb36-c9f1f8b420a1,1333,Worker1,13331.105224609375,13344.001220703125,0,13331
af4db3e4-2f01-40ce-bb36-c9f1f8b420a1,1334,Worker1,13351.318115234375,13364.001220703125,0,13351
af4db3e4-2f01-40ce-bb36-c9f1f8b420a1,1335,Worker1,13354.171142578125,13366.001220703125,0,13354
af4db3e4-2f01-40ce-bb36-c9f1f8b420a1,1336,Worker1,13355.09716796875,13368.001220703125,0,13355
af4db3e4-2f01-40ce-bb36-c9f1f8b420a1,1337,Worker1,13361.2041015625,13374.001220703125,0,13361
af4db3e4-2f01-40ce-bb36-c9f1f8b420a1,1338,Worker1,13377.277099609375,13387.001220703125,0,13377
af4db3e4-2f01-40ce-bb36-c9f1f8b420a1,1339,Worker1,13379.110107421875,13392.001220703125,0,13379
af4db3e4-2f01-40ce-bb36-c9f1f8b420a1,1340,Worker1,13386.165283203125,13409.001220703125,0,13386
af4db3e4-2f01-40ce-bb36-c9f1f8b420a1,1341,Worker1,13407.142333984375,13418.001220703125,0,13407
af4db3e4-2f01-40ce-bb36-c9f1f8b420a1,1342,Worker1,13420.230224609375,13432.001220703125,0,13420
af4db3e4-2f01-40ce-bb36-c9f1f8b420a1,1343,Worker1,13429.26025390625,13439.001220703125,0,13429
af4db3e4-2f01-40ce-bb36-c9f1f8b420a1,1344,Worker1,13460.187255859375,13472.001220703125,0,13460
af4db3e4-2f01-40ce-bb36-c9f1f8b420a1,1345,Worker1,13464.229248046875,13477.001220703125,0,13464
af4db3e4-2f01-40ce-bb36-c9f1f8b420a1,1346,Worker1,13475.2041015625,13488.001220703125,0,13475
af4db3e4-2f01-40ce-bb36-c9f1f8b420a1,1347,Worker1,13482.126220703125,13495.001220703125,0,13482
af4db3e4-2f01-40ce-bb36-c9f1f8b420a1,1348,Worker1,13487.104248046875,13501.001220703125,0,13487
af4db3e4-2f01-40ce-bb36-c9f1f8b420a1,1349,Worker1,13501.21533203125,13512.001220703125,0,13501
af4db3e4-2f01-40ce-bb36-c9f1f8b420a1,1350,Worker1,13510.2802734375,13522.001220703125,0,13510
af4db3e4-2f01-40ce-bb36-c9f1f8b420a1,1351,Worker1,13516.273193359375,13539.001220703125,0,13516
af4db3e4-2f01-40ce-bb36-c9f1f8b420a1,1352,Worker1,13520.212158203125,13536.001220703125,0,13520
af4db3e4-2f01-40ce-bb36-c9f1f8b420a1,1353,Worker1,13522.089111328125,13537.001220703125,0,13522
af4db3e4-2f01-40ce-bb36-c9f1f8b420a1,1354,Worker1,13522.34033203125,13543.001220703125,0,13522
af4db3e4-2f01-40ce-bb36-c9f1f8b420a1,1355,Worker1,13545.21630859375,13563.001220703125,0,13545
af4db3e4-2f01-40ce-bb36-c9f1f8b420a1,1356,Worker1,13559.29833984375,13574.001220703125,0,13559
af4db3e4-2f01-40ce-bb36-c9f1f8b420a1,1357,Worker1,13560.100341796875,13582.001220703125,0,13560
af4db3e4-2f01-40ce-bb36-c9f1f8b420a1,1358,Worker1,13566.22412109375,13591.001220703125,0,13566
af4db3e4-2f01-40ce-bb36-c9f1f8b420a1,1359,Worker1,13584.314208984375,13595.001220703125,0,13584
af4db3e4-2f01-40ce-bb36-c9f1f8b420a1,1360,Worker1,13596.30615234375,13616.001220703125,0,13596
af4db3e4-2f01-40ce-bb36-c9f1f8b420a1,1361,Worker1,13596.315185546875,13606.001220703125,0,13596
af4db3e4-2f01-40ce-bb36-c9f1f8b420a1,1362,Worker1,13619.255126953125,13644.001220703125,0,13619
af4db3e4-2f01-40ce-bb36-c9f1f8b420a1,1363,Worker1,13622.126220703125,13633.001220703125,0,13622
af4db3e4-2f01-40ce-bb36-c9f1f8b420a1,1364,Worker1,13623.09619140625,13637.001220703125,0,13623
af4db3e4-2f01-40ce-bb36-c9f1f8b420a1,1365,Worker1,13659.152099609375,13672.001220703125,0,13659
af4db3e4-2f01-40ce-bb36-c9f1f8b420a1,1366,Worker1,13663.339111328125,13684.001220703125,0,13663
af4db3e4-2f01-40ce-bb36-c9f1f8b420a1,1367,Worker1,13665.09619140625,13676.001220703125,0,13665
af4db3e4-2f01-40ce-bb36-c9f1f8b420a1,1368,Worker1,13666.086181640625,13678.001220703125,0,13666
af4db3e4-2f01-40ce-bb36-c9f1f8b420a1,1369,Worker1,13690.14013671875,13701.001220703125,0,13690
af4db3e4-2f01-40ce-bb36-c9f1f8b420a1,1370,Worker1,13705.21728515625,13719.001220703125,0,13705
af4db3e4-2f01-40ce-bb36-c9f1f8b420a1,1371,Worker1,13715.2431640625,13729.001220703125,0,13715
af4db3e4-2f01-40ce-bb36-c9f1f8b420a1,1372,Worker1,13722.166259765625,13736.001220703125,0,13722
af4db3e4-2f01-40ce-bb36-c9f1f8b420a1,1373,Worker1,13726.123291015625,13738.001220703125,0,13726
af4db3e4-2f01-40ce-bb36-c9f1f8b420a1,1374,Worker1,13738.158203125,13764.001220703125,0,13738
af4db3e4-2f01-40ce-bb36-c9f1f8b420a1,1375,Worker1,13739.09228515625,13757.001220703125,0,13739
af4db3e4-2f01-40ce-bb36-c9f1f8b420a1,1376,Worker1,13765.30029296875,13778.001220703125,0,13765
af4db3e4-2f01-40ce-bb36-c9f1f8b420a1,1377,Worker1,13780.206298828125,13793.001220703125,0,13780
af4db3e4-2f01-40ce-bb36-c9f1f8b420a1,1378,Worker1,13781.102294921875,13797.001220703125,0,13781
af4db3e4-2f01-40ce-bb36-c9f1f8b420a1,1379,Worker1,13827.129150390625,13838.001220703125,0,13827
af4db3e4-2f01-40ce-bb36-c9f1f8b420a1,1380,Worker1,13831.191162109375,13842.001220703125,0,13831
af4db3e4-2f01-40ce-bb36-c9f1f8b420a1,1381,Worker1,13833.110107421875,13844.001220703125,0,13833
af4db3e4-2f01-40ce-bb36-c9f1f8b420a1,1382,Worker1,13841.145263671875,13853.001220703125,0,13841
af4db3e4-2f01-40ce-bb36-c9f1f8b420a1,1383,Worker1,13847.192138671875,13857.001220703125,0,13847
af4db3e4-2f01-40ce-bb36-c9f1f8b420a1,1384,Worker1,13863.19921875,13876.001220703125,0,13863
af4db3e4-2f01-40ce-bb36-c9f1f8b420a1,1385,Worker1,13873.1181640625,13891.001220703125,0,13873
af4db3e4-2f01-40ce-bb36-c9f1f8b420a1,1386,Worker1,13880.247314453125,13891.001220703125,0,13880
af4db3e4-2f01-40ce-bb36-c9f1f8b420a1,1387,Worker1,13900.17333984375,13912.001220703125,0,13900
af4db3e4-2f01-40ce-bb36-c9f1f8b420a1,1388,Worker1,13913.253173828125,13928.001220703125,0,13913
af4db3e4-2f01-40ce-bb36-c9f1f8b420a1,1389,Worker1,13914.09033203125,13933.001220703125,0,13914
af4db3e4-2f01-40ce-bb36-c9f1f8b420a1,1390,Worker1,13941.21533203125,13964.001220703125,0,13941
af4db3e4-2f01-40ce-bb36-c9f1f8b420a1,1391,Worker1,13944.1552734375,13971.001220703125,0,13944
af4db3e4-2f01-40ce-bb36-c9f1f8b420a1,1393,Worker1,13955.231201171875,13966.001220703125,0,13955
af4db3e4-2f01-40ce-bb36-c9f1f8b420a1,1392,Worker1,13955.236328125,13966.001220703125,0,13955
af4db3e4-2f01-40ce-bb36-c9f1f8b420a1,1394,Worker1,13975.294189453125,13988.001220703125,0,13975
af4db3e4-2f01-40ce-bb36-c9f1f8b420a1,1395,Worker1,13978.172119140625,13991.001220703125,0,13978
af4db3e4-2f01-40ce-bb36-c9f1f8b420a1,1396,Worker1,13979.09130859375,13993.001220703125,0,13979
af4db3e4-2f01-40ce-bb36-c9f1f8b420a1,1397,Worker1,14008.246337890625,14022.001220703125,0,14008
af4db3e4-2f01-40ce-bb36-c9f1f8b420a1,1398,Worker1,14012.252197265625,14024.001220703125,0,14012
af4db3e4-2f01-40ce-bb36-c9f1f8b420a1,1399,Worker1,14014.11328125,14030.001220703125,0,14014
af4db3e4-2f01-40ce-bb36-c9f1f8b420a1,1400,Worker1,14021.252197265625,14044.001220703125,0,14021
af4db3e4-2f01-40ce-bb36-c9f1f8b420a1,1401,Worker1,14026.13232421875,14041.001220703125,0,14026
af4db3e4-2f01-40ce-bb36-c9f1f8b420a1,1402,Worker1,14029.2802734375,14043.001220703125,0,14029
af4db3e4-2f01-40ce-bb36-c9f1f8b420a1,1403,Worker1,14030.100341796875,14052.001220703125,0,14030
af4db3e4-2f01-40ce-bb36-c9f1f8b420a1,1404,Worker1,14036.162109375,14047.001220703125,0,14036
af4db3e4-2f01-40ce-bb36-c9f1f8b420a1,1405,Worker1,14040.127197265625,14052.001220703125,0,14040
af4db3e4-2f01-40ce-bb36-c9f1f8b420a1,1407,Worker1,14051.359130859375,14064.001220703125,0,14051
af4db3e4-2f01-40ce-bb36-c9f1f8b420a1,1406,Worker1,14051.188232421875,14063.001220703125,0,14051
af4db3e4-2f01-40ce-bb36-c9f1f8b420a1,1408,Worker1,14056.2041015625,14089.001220703125,0,14056
af4db3e4-2f01-40ce-bb36-c9f1f8b420a1,1409,Worker1,14059.25830078125,14072.001220703125,0,14059
af4db3e4-2f01-40ce-bb36-c9f1f8b420a1,1410,Worker1,14068.190185546875,14081.001220703125,0,14068
af4db3e4-2f01-40ce-bb36-c9f1f8b420a1,1411,Worker1,14100.290283203125,14112.001220703125,0,14100
af4db3e4-2f01-40ce-bb36-c9f1f8b420a1,1412,Worker1,14104.115234375,14118.001220703125,0,14104
af4db3e4-2f01-40ce-bb36-c9f1f8b420a1,1413,Worker1,14115.21923828125,14134.001220703125,0,14115
af4db3e4-2f01-40ce-bb36-c9f1f8b420a1,1414,Worker1,14123.275146484375,14145.001220703125,0,14123
af4db3e4-2f01-40ce-bb36-c9f1f8b420a1,1415,Worker1,14128.110107421875,14141.001220703125,0,14128
af4db3e4-2f01-40ce-bb36-c9f1f8b420a1,1416,Worker1,14131.227294921875,14146.001220703125,0,14131
af4db3e4-2f01-40ce-bb36-c9f1f8b420a1,1417,Worker1,14132.088134765625,14144.001220703125,0,14132
af4db3e4-2f01-40ce-bb36-c9f1f8b420a1,1418,Worker1,14169.225341796875,14179.001220703125,0,14169
af4db3e4-2f01-40ce-bb36-c9f1f8b420a1,1419,Worker1,14173.151123046875,14185.001220703125,0,14173
af4db3e4-2f01-40ce-bb36-c9f1f8b420a1,1420,Worker1,14175.110107421875,14187.001220703125,0,14175
af4db3e4-2f01-40ce-bb36-c9f1f8b420a1,1421,Worker1,14183.105224609375,14203.001220703125,0,14183
af4db3e4-2f01-40ce-bb36-c9f1f8b420a1,1422,Worker1,14188.100341796875,14201.001220703125,0,14188
af4db3e4-2f01-40ce-bb36-c9f1f8b420a1,1423,Worker1,14202.144287109375,14213.001220703125,0,14202
af4db3e4-2f01-40ce-bb36-c9f1f8b420a1,1424,Worker1,14203.09130859375,14215.001220703125,0,14203
af4db3e4-2f01-40ce-bb36-c9f1f8b420a1,1425,Worker1,14210.13525390625,14222.001220703125,0,14210
af4db3e4-2f01-40ce-bb36-c9f1f8b420a1,1426,Worker1,14214.13232421875,14227.001220703125,0,14214
af4db3e4-2f01-40ce-bb36-c9f1f8b420a1,1427,Worker1,14226.13232421875,14239.001220703125,0,14226
af4db3e4-2f01-40ce-bb36-c9f1f8b420a1,1428,Worker1,14234.1953125,14246.001220703125,0,14234
af4db3e4-2f01-40ce-bb36-c9f1f8b420a1,1429,Worker1,14239.207275390625,14251.001220703125,0,14239
af4db3e4-2f01-40ce-bb36-c9f1f8b420a1,1430,Worker1,14254.13720703125,14265.001220703125,0,14254
af4db3e4-2f01-40ce-bb36-c9f1f8b420a1,1431,Worker1,14255.103271484375,14267.001220703125,0,14255
af4db3e4-2f01-40ce-bb36-c9f1f8b420a1,1432,Worker1,14297.13232421875,14307.001220703125,0,14297
af4db3e4-2f01-40ce-bb36-c9f1f8b420a1,1433,Worker1,14316.255126953125,14328.001220703125,0,14316
af4db3e4-2f01-40ce-bb36-c9f1f8b420a1,1434,Worker1,14318.1142578125,14334.001220703125,0,14318
af4db3e4-2f01-40ce-bb36-c9f1f8b420a1,1435,Worker1,14326.154296875,14337.001220703125,0,14326
af4db3e4-2f01-40ce-bb36-c9f1f8b420a1,1436,Worker1,14332.121337890625,14342.001220703125,0,14332
af4db3e4-2f01-40ce-bb36-c9f1f8b420a1,1437,Worker1,14335.236328125,14348.001220703125,0,14335
af4db3e4-2f01-40ce-bb36-c9f1f8b420a1,1438,Worker1,14337.107177734375,14347.001220703125,0,14337
af4db3e4-2f01-40ce-bb36-c9f1f8b420a1,1439,Worker1,14344.1201171875,14355.001220703125,0,14344
af4db3e4-2f01-40ce-bb36-c9f1f8b420a1,1440,Worker1,14348.171142578125,14361.001220703125,0,14348
af4db3e4-2f01-40ce-bb36-c9f1f8b420a1,1441,Worker1,14350.087158203125,14362.001220703125,0,14350
af4db3e4-2f01-40ce-bb36-c9f1f8b420a1,1442,Worker1,14359.1123046875,14373.001220703125,0,14359
af4db3e4-2f01-40ce-bb36-c9f1f8b420a1,1443,Worker1,14365.166259765625,14376.001220703125,0,14365
af4db3e4-2f01-40ce-bb36-c9f1f8b420a1,1444,Worker1,14368.17333984375,14380.001220703125,0,14368
af4db3e4-2f01-40ce-bb36-c9f1f8b420a1,1446,Worker1,14370.1181640625,14386.001220703125,0,14370
af4db3e4-2f01-40ce-bb36-c9f1f8b420a1,1445,Worker1,14370.109130859375,14383.001220703125,0,14370
af4db3e4-2f01-40ce-bb36-c9f1f8b420a1,1447,Worker1,14374.111328125,14388.001220703125,0,14374
af4db3e4-2f01-40ce-bb36-c9f1f8b420a1,1448,Worker1,14387.244140625,14400.001220703125,0,14387
af4db3e4-2f01-40ce-bb36-c9f1f8b420a1,1449,Worker1,14388.111328125,14402.001220703125,0,14388
af4db3e4-2f01-40ce-bb36-c9f1f8b420a1,1450,Worker1,14394.184326171875,14406.001220703125,0,14394
af4db3e4-2f01-40ce-bb36-c9f1f8b420a1,1451,Worker1,14398.1572265625,14414.001220703125,0,14398
af4db3e4-2f01-40ce-bb36-c9f1f8b420a1,1452,Worker1,14400.107177734375,14423.001220703125,0,14400
af4db3e4-2f01-40ce-bb36-c9f1f8b420a1,1453,Worker1,14400.102294921875,14412.001220703125,0,14400
af4db3e4-2f01-40ce-bb36-c9f1f8b420a1,1454,Worker1,14405.124267578125,14420.001220703125,0,14405
af4db3e4-2f01-40ce-bb36-c9f1f8b420a1,1455,Worker1,14409.09814453125,14437.001220703125,0,14409
af4db3e4-2f01-40ce-bb36-c9f1f8b420a1,1456,Worker1,14420.26416015625,14437.001220703125,0,14420
af4db3e4-2f01-40ce-bb36-c9f1f8b420a1,1457,Worker1,14428.13525390625,14441.001220703125,0,14428
af4db3e4-2f01-40ce-bb36-c9f1f8b420a1,1458,Worker1,14433.104248046875,14458.001220703125,0,14433
af4db3e4-2f01-40ce-bb36-c9f1f8b420a1,1459,Worker1,14436.1201171875,14448.001220703125,0,14436
af4db3e4-2f01-40ce-bb36-c9f1f8b420a1,1460,Worker1,14445.106201171875,14457.001220703125,0,14445
af4db3e4-2f01-40ce-bb36-c9f1f8b420a1,1461,Worker1,14451.26025390625,14462.001220703125,0,14451
af4db3e4-2f01-40ce-bb36-c9f1f8b420a1,1462,Worker1,14468.109130859375,14491.001220703125,0,14468
af4db3e4-2f01-40ce-bb36-c9f1f8b420a1,1463,Worker1,14470.104248046875,14482.001220703125,0,14470
af4db3e4-2f01-40ce-bb36-c9f1f8b420a1,1464,Worker1,14478.17529296875,14489.001220703125,0,14478
af4db3e4-2f01-40ce-bb36-c9f1f8b420a1,1465,Worker1,14483.17822265625,14502.001220703125,0,14483
af4db3e4-2f01-40ce-bb36-c9f1f8b420a1,1466,Worker1,14497.143310546875,14513.001220703125,0,14497
af4db3e4-2f01-40ce-bb36-c9f1f8b420a1,1467,Worker1,14507.13232421875,14519.001220703125,0,14507
af4db3e4-2f01-40ce-bb36-c9f1f8b420a1,1468,Worker1,14513.39111328125,14524.001220703125,0,14513
af4db3e4-2f01-40ce-bb36-c9f1f8b420a1,1469,Worker1,14517.190185546875,14529.001220703125,0,14517
af4db3e4-2f01-40ce-bb36-c9f1f8b420a1,1471,Worker1,14519.336181640625,14533.001220703125,0,14519
af4db3e4-2f01-40ce-bb36-c9f1f8b420a1,1470,Worker1,14519.109130859375,14531.001220703125,0,14519
af4db3e4-2f01-40ce-bb36-c9f1f8b420a1,1472,Worker1,14524.26416015625,14536.001220703125,0,14524
af4db3e4-2f01-40ce-bb36-c9f1f8b420a1,1473,Worker1,14527.107177734375,14541.001220703125,0,14527
af4db3e4-2f01-40ce-bb36-c9f1f8b420a1,1474,Worker1,14537.170166015625,14551.001220703125,0,14537
af4db3e4-2f01-40ce-bb36-c9f1f8b420a1,1475,Worker1,14544.13232421875,14555.001220703125,0,14544
af4db3e4-2f01-40ce-bb36-c9f1f8b420a1,1476,Worker1,14548.1123046875,14560.001220703125,0,14548
af4db3e4-2f01-40ce-bb36-c9f1f8b420a1,1477,Worker1,14560.231201171875,14570.001220703125,0,14560
af4db3e4-2f01-40ce-bb36-c9f1f8b420a1,1478,Worker1,14568.09423828125,14579.001220703125,0,14568
af4db3e4-2f01-40ce-bb36-c9f1f8b420a1,1479,Worker1,14573.30224609375,14597.001220703125,0,14573
af4db3e4-2f01-40ce-bb36-c9f1f8b420a1,1480,Worker1,14576.17919921875,14589.001220703125,0,14576
af4db3e4-2f01-40ce-bb36-c9f1f8b420a1,1481,Worker1,14586.353271484375,14600.001220703125,0,14586
af4db3e4-2f01-40ce-bb36-c9f1f8b420a1,1482,Worker1,14593.126220703125,14626.001220703125,0,14593
af4db3e4-2f01-40ce-bb36-c9f1f8b420a1,1483,Worker1,14612.13525390625,14624.001220703125,0,14612
af4db3e4-2f01-40ce-bb36-c9f1f8b420a1,1484,Worker1,14614.1123046875,14628.001220703125,0,14614
af4db3e4-2f01-40ce-bb36-c9f1f8b420a1,1485,Worker1,14615.101318359375,14628.001220703125,0,14615
af4db3e4-2f01-40ce-bb36-c9f1f8b420a1,1486,Worker1,14641.1181640625,14652.001220703125,0,14641
af4db3e4-2f01-40ce-bb36-c9f1f8b420a1,1487,Worker1,14644.2373046875,14654.001220703125,0,14644
af4db3e4-2f01-40ce-bb36-c9f1f8b420a1,1488,Worker1,14654.191162109375,14664.001220703125,0,14654
af4db3e4-2f01-40ce-bb36-c9f1f8b420a1,1489,Worker1,14654.18115234375,14666.001220703125,0,14654
af4db3e4-2f01-40ce-bb36-c9f1f8b420a1,1490,Worker1,14673.21630859375,14688.001220703125,0,14673
af4db3e4-2f01-40ce-bb36-c9f1f8b420a1,1491,Worker1,14675.1142578125,14685.001220703125,0,14675
af4db3e4-2f01-40ce-bb36-c9f1f8b420a1,1492,Worker1,14683.30029296875,14696.001220703125,0,14683
af4db3e4-2f01-40ce-bb36-c9f1f8b420a1,1493,Worker1,14710.351318359375,14721.001220703125,0,14710
af4db3e4-2f01-40ce-bb36-c9f1f8b420a1,1494,Worker1,14713.212158203125,14724.001220703125,0,14713
af4db3e4-2f01-40ce-bb36-c9f1f8b420a1,1495,Worker1,14715.111328125,14726.001220703125,0,14715
af4db3e4-2f01-40ce-bb36-c9f1f8b420a1,1496,Worker1,14722.21630859375,14734.001220703125,0,14722
af4db3e4-2f01-40ce-bb36-c9f1f8b420a1,1497,Worker1,14727.115234375,14741.001220703125,0,14727
af4db3e4-2f01-40ce-bb36-c9f1f8b420a1,1498,Worker1,14730.109130859375,14742.001220703125,0,14730
af4db3e4-2f01-40ce-bb36-c9f1f8b420a1,1499,Worker1,14739.17626953125,14751.001220703125,0,14739
af4db3e4-2f01-40ce-bb36-c9f1f8b420a1,1500,Worker1,14745.1181640625,14758.001220703125,0,14745
af4db3e4-2f01-40ce-bb36-c9f1f8b420a1,1501,Worker1,14761.13232421875,14774.001220703125,0,14761
af4db3e4-2f01-40ce-bb36-c9f1f8b420a1,1503,Worker1,14772.458251953125,14845.001220703125,0,14772
af4db3e4-2f01-40ce-bb36-c9f1f8b420a1,1502,Worker1,14772.270263671875,14782.001220703125,0,14772
af4db3e4-2f01-40ce-bb36-c9f1f8b420a1,1504,Worker1,14793.30322265625,14804.001220703125,0,14793
af4db3e4-2f01-40ce-bb36-c9f1f8b420a1,1505,Worker1,14806.2421875,14819.001220703125,0,14806
af4db3e4-2f01-40ce-bb36-c9f1f8b420a1,1506,Worker1,14815.210205078125,14825.001220703125,0,14815
af4db3e4-2f01-40ce-bb36-c9f1f8b420a1,1507,Worker1,14821.291259765625,14833.001220703125,0,14821
af4db3e4-2f01-40ce-bb36-c9f1f8b420a1,1508,Worker1,14838.25830078125,14849.001220703125,0,14838
af4db3e4-2f01-40ce-bb36-c9f1f8b420a1,1510,Worker1,14849.30224609375,14862.001220703125,0,14849
af4db3e4-2f01-40ce-bb36-c9f1f8b420a1,1509,Worker1,14849.154296875,14872.001220703125,0,14849
af4db3e4-2f01-40ce-bb36-c9f1f8b420a1,1511,Worker1,14854.311279296875,14867.001220703125,0,14854
af4db3e4-2f01-40ce-bb36-c9f1f8b420a1,1512,Worker1,14868.149169921875,14882.001220703125,0,14868
af4db3e4-2f01-40ce-bb36-c9f1f8b420a1,1513,Worker1,14877.206298828125,14904.001220703125,0,14877
af4db3e4-2f01-40ce-bb36-c9f1f8b420a1,1514,Worker1,14883.209228515625,14894.001220703125,0,14883
af4db3e4-2f01-40ce-bb36-c9f1f8b420a1,1515,Worker1,14900.19921875,14925.001220703125,0,14900
af4db3e4-2f01-40ce-bb36-c9f1f8b420a1,1516,Worker1,14903.4951171875,14913.001220703125,0,14902
af4db3e4-2f01-40ce-bb36-c9f1f8b420a1,1517,Worker1,14910.14013671875,14919.001220703125,0,14910
af4db3e4-2f01-40ce-bb36-c9f1f8b420a1,1518,Worker1,14932.25927734375,14946.001220703125,0,14932
af4db3e4-2f01-40ce-bb36-c9f1f8b420a1,1519,Worker1,14946.268310546875,14964.001220703125,0,14946
af4db3e4-2f01-40ce-bb36-c9f1f8b420a1,1520,Worker1,14955.205322265625,14966.001220703125,0,14955
af4db3e4-2f01-40ce-bb36-c9f1f8b420a1,1521,Worker1,14989.145263671875,15002.001220703125,0,14989
af4db3e4-2f01-40ce-bb36-c9f1f8b420a1,1522,Worker1,14993.2841796875,15007.001220703125,0,14993
af4db3e4-2f01-40ce-bb36-c9f1f8b420a1,1523,Worker1,14995.107177734375,15008.001220703125,0,14995
af4db3e4-2f01-40ce-bb36-c9f1f8b420a1,1524,Worker1,14995.276123046875,15006.001220703125,0,14995
af4db3e4-2f01-40ce-bb36-c9f1f8b420a1,1525,Worker1,15000.103271484375,15013.001220703125,0,15000
af4db3e4-2f01-40ce-bb36-c9f1f8b420a1,1526,Worker1,15014.254150390625,15027.001220703125,0,15014
af4db3e4-2f01-40ce-bb36-c9f1f8b420a1,1527,Worker1,15024.233154296875,15036.001220703125,0,15024
af4db3e4-2f01-40ce-bb36-c9f1f8b420a1,1528,Worker1,15061.16015625,15072.001220703125,0,15061
af4db3e4-2f01-40ce-bb36-c9f1f8b420a1,1529,Worker1,15079.21923828125,15092.001220703125,0,15079
af4db3e4-2f01-40ce-bb36-c9f1f8b420a1,1530,Worker1,15081.1123046875,15098.001220703125,0,15081
af4db3e4-2f01-40ce-bb36-c9f1f8b420a1,1531,Worker1,15089.2041015625,15102.001220703125,0,15089
af4db3e4-2f01-40ce-bb36-c9f1f8b420a1,1532,Worker1,15113.208251953125,15126.001220703125,0,15113
af4db3e4-2f01-40ce-bb36-c9f1f8b420a1,1533,Worker1,15128.209228515625,15140.001220703125,0,15128
af4db3e4-2f01-40ce-bb36-c9f1f8b420a1,1534,Worker1,15129.089111328125,15144.001220703125,0,15129
af4db3e4-2f01-40ce-bb36-c9f1f8b420a1,1535,Worker1,15173.331298828125,15197.001220703125,0,15173
af4db3e4-2f01-40ce-bb36-c9f1f8b420a1,1536,Worker1,15177.209228515625,15187.001220703125,0,15177
af4db3e4-2f01-40ce-bb36-c9f1f8b420a1,1537,Worker1,15179.109130859375,15191.001220703125,0,15179
af4db3e4-2f01-40ce-bb36-c9f1f8b420a1,1538,Worker1,15180.102294921875,15192.001220703125,0,15180
af4db3e4-2f01-40ce-bb36-c9f1f8b420a1,1539,Worker1,15206.18310546875,15219.001220703125,0,15206
af4db3e4-2f01-40ce-bb36-c9f1f8b420a1,1540,Worker1,15221.148193359375,15238.001220703125,0,15221
af4db3e4-2f01-40ce-bb36-c9f1f8b420a1,1541,Worker1,15231.248291015625,15243.001220703125,0,15231
af4db3e4-2f01-40ce-bb36-c9f1f8b420a1,1542,Worker1,15282.17431640625,15294.001220703125,0,15282
af4db3e4-2f01-40ce-bb36-c9f1f8b420a1,1543,Worker1,15286.225341796875,15298.001220703125,0,15286
af4db3e4-2f01-40ce-bb36-c9f1f8b420a1,1544,Worker1,15298.294189453125,15314.001220703125,0,15298
af4db3e4-2f01-40ce-bb36-c9f1f8b420a1,1545,Worker1,15307.233154296875,15320.001220703125,0,15307
af4db3e4-2f01-40ce-bb36-c9f1f8b420a1,1546,Worker1,15313.30810546875,15324.001220703125,0,15313
af4db3e4-2f01-40ce-bb36-c9f1f8b420a1,1547,Worker1,15328.191162109375,15339.001220703125,0,15328
af4db3e4-2f01-40ce-bb36-c9f1f8b420a1,1548,Worker1,15330.108154296875,15341.001220703125,0,15330
af4db3e4-2f01-40ce-bb36-c9f1f8b420a1,1549,Worker1,15337.17333984375,15357.001220703125,0,15337
af4db3e4-2f01-40ce-bb36-c9f1f8b420a1,1550,Worker1,15357.2392578125,15384.001220703125,0,15357
af4db3e4-2f01-40ce-bb36-c9f1f8b420a1,1551,Worker1,15370.1962890625,15383.001220703125,0,15370
af4db3e4-2f01-40ce-bb36-c9f1f8b420a1,1552,Worker1,15371.100341796875,15385.001220703125,0,15371
af4db3e4-2f01-40ce-bb36-c9f1f8b420a1,1553,Worker1,15399.21630859375,15412.001220703125,0,15399
af4db3e4-2f01-40ce-bb36-c9f1f8b420a1,1554,Worker1,15415.252197265625,15437.001220703125,0,15415
af4db3e4-2f01-40ce-bb36-c9f1f8b420a1,1555,Worker1,15426.247314453125,15437.001220703125,0,15426
af4db3e4-2f01-40ce-bb36-c9f1f8b420a1,1556,Worker1,15433.21728515625,15450.001220703125,0,15433
af4db3e4-2f01-40ce-bb36-c9f1f8b420a1,1557,Worker1,15438.3681640625,15450.001220703125,0,15438
af4db3e4-2f01-40ce-bb36-c9f1f8b420a1,1558,Worker1,15441.1943359375,15453.001220703125,0,15441
af4db3e4-2f01-40ce-bb36-c9f1f8b420a1,1559,Worker1,15450.236328125,15464.001220703125,0,15450
af4db3e4-2f01-40ce-bb36-c9f1f8b420a1,1560,Worker1,15479.276123046875,15489.001220703125,0,15479
af4db3e4-2f01-40ce-bb36-c9f1f8b420a1,1561,Worker1,15495.171142578125,15505.001220703125,0,15495
af4db3e4-2f01-40ce-bb36-c9f1f8b420a1,1562,Worker1,15506.210205078125,15524.001220703125,0,15506
af4db3e4-2f01-40ce-bb36-c9f1f8b420a1,1563,Worker1,15513.110107421875,15524.001220703125,0,15513
af4db3e4-2f01-40ce-bb36-c9f1f8b420a1,1564,Worker1,15534.186279296875,15550.001220703125,0,15534
af4db3e4-2f01-40ce-bb36-c9f1f8b420a1,1565,Worker1,15547.127197265625,15557.001220703125,0,15547
af4db3e4-2f01-40ce-bb36-c9f1f8b420a1,1566,Worker1,15548.110107421875,15564.001220703125,0,15548
af4db3e4-2f01-40ce-bb36-c9f1f8b420a1,1567,Worker1,15554.240234375,15567.001220703125,0,15554
af4db3e4-2f01-40ce-bb36-c9f1f8b420a1,1568,Worker1,15558.287109375,15577.001220703125,0,15558
af4db3e4-2f01-40ce-bb36-c9f1f8b420a1,1569,Worker1,15560.108154296875,15578.001220703125,0,15560
af4db3e4-2f01-40ce-bb36-c9f1f8b420a1,1570,Worker1,15567.184326171875,15577.001220703125,0,15567
af4db3e4-2f01-40ce-bb36-c9f1f8b420a1,1571,Worker1,15589.15625,15633.001220703125,0,15589
af4db3e4-2f01-40ce-bb36-c9f1f8b420a1,1572,Worker1,15603.326171875,15620.001220703125,0,15603
af4db3e4-2f01-40ce-bb36-c9f1f8b420a1,1573,Worker1,15604.09716796875,15615.001220703125,0,15604
af4db3e4-2f01-40ce-bb36-c9f1f8b420a1,1574,Worker1,15637.256103515625,15650.001220703125,0,15637
af4db3e4-2f01-40ce-bb36-c9f1f8b420a1,1575,Worker1,15654.21533203125,15695.001220703125,0,15654
af4db3e4-2f01-40ce-bb36-c9f1f8b420a1,1576,Worker1,15665.1943359375,15676.001220703125,0,15665
af4db3e4-2f01-40ce-bb36-c9f1f8b420a1,1577,Worker1,15673.13916015625,15733.001220703125,0,15673
af4db3e4-2f01-40ce-bb36-c9f1f8b420a1,1578,Worker1,15696.16015625,15711.001220703125,0,15696
af4db3e4-2f01-40ce-bb36-c9f1f8b420a1,1579,Worker1,15710.148193359375,15721.001220703125,0,15710
af4db3e4-2f01-40ce-bb36-c9f1f8b420a1,1580,Worker1,15720.3203125,15733.001220703125,0,15720
af4db3e4-2f01-40ce-bb36-c9f1f8b420a1,1581,Worker1,15755.3291015625,15766.001220703125,0,15755
af4db3e4-2f01-40ce-bb36-c9f1f8b420a1,1582,Worker1,15759.190185546875,15798.001220703125,0,15759
af4db3e4-2f01-40ce-bb36-c9f1f8b420a1,1584,Worker1,15761.109130859375,15773.001220703125,0,15761
af4db3e4-2f01-40ce-bb36-c9f1f8b420a1,1583,Worker1,15761.121337890625,15772.001220703125,0,15761
af4db3e4-2f01-40ce-bb36-c9f1f8b420a1,1585,Worker1,15784.169189453125,15803.001220703125,0,15784
af4db3e4-2f01-40ce-bb36-c9f1f8b420a1,1586,Worker1,15787.34228515625,15800.001220703125,0,15787
af4db3e4-2f01-40ce-bb36-c9f1f8b420a1,1587,Worker1,15797.19921875,15808.001220703125,0,15797
af4db3e4-2f01-40ce-bb36-c9f1f8b420a1,1588,Worker1,15804.105224609375,15818.001220703125,0,15804
af4db3e4-2f01-40ce-bb36-c9f1f8b420a1,1589,Worker1,15822.21630859375,15833.001220703125,0,15822
af4db3e4-2f01-40ce-bb36-c9f1f8b420a1,1590,Worker1,15834.131103515625,15843.001220703125,0,15834
af4db3e4-2f01-40ce-bb36-c9f1f8b420a1,1591,Worker1,15835.104248046875,15846.001220703125,0,15835
af4db3e4-2f01-40ce-bb36-c9f1f8b420a1,1592,Worker1,15860.185302734375,15872.001220703125,0,15860
af4db3e4-2f01-40ce-bb36-c9f1f8b420a1,1593,Worker1,15875.295166015625,15886.001220703125,0,15875
af4db3e4-2f01-40ce-bb36-c9f1f8b420a1,1594,Worker1,15885.115234375,15916.001220703125,0,15885
af4db3e4-2f01-40ce-bb36-c9f1f8b420a1,1595,Worker1,15892.18212890625,15904.001220703125,0,15892
af4db3e4-2f01-40ce-bb36-c9f1f8b420a1,1596,Worker1,15896.129150390625,15908.001220703125,0,15896
af4db3e4-2f01-40ce-bb36-c9f1f8b420a1,1597,Worker1,15898.1123046875,15911.001220703125,0,15898
af4db3e4-2f01-40ce-bb36-c9f1f8b420a1,1598,Worker1,15899.101318359375,15910.001220703125,0,15899
af4db3e4-2f01-40ce-bb36-c9f1f8b420a1,1599,Worker1,15924.15625,15937.001220703125,0,15924
af4db3e4-2f01-40ce-bb36-c9f1f8b420a1,1600,Worker1,15939.395263671875,15952.001220703125,0,15939
af4db3e4-2f01-40ce-bb36-c9f1f8b420a1,1601,Worker1,15940.105224609375,15954.001220703125,0,15940
af4db3e4-2f01-40ce-bb36-c9f1f8b420a1,1602,Worker1,15947.1171875,15961.001220703125,0,15947
af4db3e4-2f01-40ce-bb36-c9f1f8b420a1,1603,Worker1,15951.145263671875,15966.001220703125,0,15951
af4db3e4-2f01-40ce-bb36-c9f1f8b420a1,1604,Worker1,15964.252197265625,15978.001220703125,0,15964
af4db3e4-2f01-40ce-bb36-c9f1f8b420a1,1605,Worker1,15965.102294921875,15979.001220703125,0,15965
af4db3e4-2f01-40ce-bb36-c9f1f8b420a1,1606,Worker1,15991.26123046875,16002.001220703125,0,15991
af4db3e4-2f01-40ce-bb36-c9f1f8b420a1,1607,Worker1,16006.230224609375,16020.001220703125,0,16006
af4db3e4-2f01-40ce-bb36-c9f1f8b420a1,1608,Worker1,16017.1611328125,16027.001220703125,0,16017
af4db3e4-2f01-40ce-bb36-c9f1f8b420a1,1609,Worker1,16026.1943359375,16043.001220703125,0,16026
af4db3e4-2f01-40ce-bb36-c9f1f8b420a1,1610,Worker1,16032.201171875,16057.001220703125,0,16032
af4db3e4-2f01-40ce-bb36-c9f1f8b420a1,1611,Worker1,16036.228271484375,16045.001220703125,0,16036
af4db3e4-2f01-40ce-bb36-c9f1f8b420a1,1613,Worker1,16047.372314453125,16064.001220703125,0,16047
af4db3e4-2f01-40ce-bb36-c9f1f8b420a1,1612,Worker1,16047.2001953125,16059.001220703125,0,16047
af4db3e4-2f01-40ce-bb36-c9f1f8b420a1,1614,Worker1,16068.279296875,16085.001220703125,0,16068
af4db3e4-2f01-40ce-bb36-c9f1f8b420a1,1615,Worker1,16071.167236328125,16080.001220703125,0,16071
af4db3e4-2f01-40ce-bb36-c9f1f8b420a1,1616,Worker1,16080.119140625,16097.001220703125,0,16080
af4db3e4-2f01-40ce-bb36-c9f1f8b420a1,1617,Worker1,16112.244140625,16124.001220703125,0,16112
af4db3e4-2f01-40ce-bb36-c9f1f8b420a1,1618,Worker1,16116.255126953125,16126.001220703125,0,16116
af4db3e4-2f01-40ce-bb36-c9f1f8b420a1,1619,Worker1,16118.106201171875,16132.001220703125,0,16118
af4db3e4-2f01-40ce-bb36-c9f1f8b420a1,1620,Worker1,16126.18115234375,16135.001220703125,0,16126
af4db3e4-2f01-40ce-bb36-c9f1f8b420a1,1621,Worker1,16131.267333984375,16145.001220703125,0,16131
af4db3e4-2f01-40ce-bb36-c9f1f8b420a1,1622,Worker1,16145.244140625,16158.001220703125,0,16145
af4db3e4-2f01-40ce-bb36-c9f1f8b420a1,1623,Worker1,16154.18212890625,16165.001220703125,0,16154
af4db3e4-2f01-40ce-bb36-c9f1f8b420a1,1624,Worker1,16160.1953125,16173.001220703125,0,16160
af4db3e4-2f01-40ce-bb36-c9f1f8b420a1,1625,Worker1,16164.106201171875,16177.001220703125,0,16164
af4db3e4-2f01-40ce-bb36-c9f1f8b420a1,1626,Worker1,16166.102294921875,16179.001220703125,0,16166
af4db3e4-2f01-40ce-bb36-c9f1f8b420a1,1627,Worker1,16174.2392578125,16200.001220703125,0,16174
af4db3e4-2f01-40ce-bb36-c9f1f8b420a1,1628,Worker1,16179.213134765625,16194.001220703125,0,16179
af4db3e4-2f01-40ce-bb36-c9f1f8b420a1,1629,Worker1,16182.205322265625,16198.001220703125,0,16182
af4db3e4-2f01-40ce-bb36-c9f1f8b420a1,1630,Worker1,16183.089111328125,16197.001220703125,0,16183
af4db3e4-2f01-40ce-bb36-c9f1f8b420a1,1631,Worker1,16220.13720703125,16230.001220703125,0,16220
af4db3e4-2f01-40ce-bb36-c9f1f8b420a1,1632,Worker1,16224.126220703125,16238.001220703125,0,16224
af4db3e4-2f01-40ce-bb36-c9f1f8b420a1,1633,Worker1,16236.2041015625,16251.001220703125,0,16236
af4db3e4-2f01-40ce-bb36-c9f1f8b420a1,1634,Worker1,16244.214111328125,16258.001220703125,0,16244
af4db3e4-2f01-40ce-bb36-c9f1f8b420a1,1635,Worker1,16268.142333984375,16284.001220703125,0,16268
af4db3e4-2f01-40ce-bb36-c9f1f8b420a1,1636,Worker1,16282.185302734375,16303.001220703125,0,16282
af4db3e4-2f01-40ce-bb36-c9f1f8b420a1,1637,Worker1,16292.293212890625,16311.001220703125,0,16292
af4db3e4-2f01-40ce-bb36-c9f1f8b420a1,1638,Worker1,16299.276123046875,16322.001220703125,0,16299
af4db3e4-2f01-40ce-bb36-c9f1f8b420a1,1639,Worker1,16303.230224609375,16314.001220703125,0,16303
af4db3e4-2f01-40ce-bb36-c9f1f8b420a1,1640,Worker1,16315.149169921875,16328.001220703125,0,16315
af4db3e4-2f01-40ce-bb36-c9f1f8b420a1,1641,Worker1,16323.144287109375,16334.001220703125,0,16323
af4db3e4-2f01-40ce-bb36-c9f1f8b420a1,1642,Worker1,16348.126220703125,16359.001220703125,0,16348
af4db3e4-2f01-40ce-bb36-c9f1f8b420a1,1643,Worker1,16351.2451171875,16377.001220703125,0,16351
af4db3e4-2f01-40ce-bb36-c9f1f8b420a1,1644,Worker1,16361.21923828125,16374.001220703125,0,16361
af4db3e4-2f01-40ce-bb36-c9f1f8b420a1,1645,Worker1,16409.25732421875,16423.001220703125,0,16409
af4db3e4-2f01-40ce-bb36-c9f1f8b420a1,1646,Worker1,16413.28125,16425.001220703125,0,16413
af4db3e4-2f01-40ce-bb36-c9f1f8b420a1,1647,Worker1,16426.268310546875,16439.001220703125,0,16426
af4db3e4-2f01-40ce-bb36-c9f1f8b420a1,1648,Worker1,16434.21630859375,16457.001220703125,0,16434
af4db3e4-2f01-40ce-bb36-c9f1f8b420a1,1649,Worker1,16440.167236328125,16454.001220703125,0,16440
af4db3e4-2f01-40ce-bb36-c9f1f8b420a1,1650,Worker1,16455.350341796875,16472.001220703125,0,16455
af4db3e4-2f01-40ce-bb36-c9f1f8b420a1,1651,Worker1,16457.09521484375,16482.001220703125,0,16457
af4db3e4-2f01-40ce-bb36-c9f1f8b420a1,1652,Worker1,16529.359130859375,16543.001220703125,0,16529
af4db3e4-2f01-40ce-bb36-c9f1f8b420a1,1653,Worker1,16533.210205078125,16546.001220703125,0,16533
af4db3e4-2f01-40ce-bb36-c9f1f8b420a1,1654,Worker1,16535.1142578125,16546.001220703125,0,16535
af4db3e4-2f01-40ce-bb36-c9f1f8b420a1,1655,Worker1,16536.102294921875,16549.001220703125,0,16536
af4db3e4-2f01-40ce-bb36-c9f1f8b420a1,1656,Worker1,16542.170166015625,16553.001220703125,0,16542
af4db3e4-2f01-40ce-bb36-c9f1f8b420a1,1657,Worker1,16545.129150390625,16557.001220703125,0,16545
af4db3e4-2f01-40ce-bb36-c9f1f8b420a1,1659,Worker1,16547.28125,16557.001220703125,0,16547
af4db3e4-2f01-40ce-bb36-c9f1f8b420a1,1658,Worker1,16547.1142578125,16556.001220703125,0,16547
af4db3e4-2f01-40ce-bb36-c9f1f8b420a1,1660,Worker1,16552.149169921875,16562.001220703125,0,16552
af4db3e4-2f01-40ce-bb36-c9f1f8b420a1,1661,Worker1,16555.2373046875,16567.001220703125,0,16555
af4db3e4-2f01-40ce-bb36-c9f1f8b420a1,1662,Worker1,16556.09228515625,16568.001220703125,0,16556
af4db3e4-2f01-40ce-bb36-c9f1f8b420a1,1663,Worker1,16585.3251953125,16603.001220703125,0,16585
af4db3e4-2f01-40ce-bb36-c9f1f8b420a1,1664,Worker1,16601.268310546875,16611.001220703125,0,16601
af4db3e4-2f01-40ce-bb36-c9f1f8b420a1,1665,Worker1,16603.111328125,16616.001220703125,0,16603
af4db3e4-2f01-40ce-bb36-c9f1f8b420a1,1666,Worker1,16603.30712890625,16614.001220703125,0,16603
af4db3e4-2f01-40ce-bb36-c9f1f8b420a1,1667,Worker1,16624.21923828125,16638.001220703125,0,16624
af4db3e4-2f01-40ce-bb36-c9f1f8b420a1,1668,Worker1,16637.18017578125,16685.001220703125,0,16637
af4db3e4-2f01-40ce-bb36-c9f1f8b420a1,1669,Worker1,16646.163330078125,16659.001220703125,0,16646
af4db3e4-2f01-40ce-bb36-c9f1f8b420a1,1670,Worker1,16652.205322265625,16663.001220703125,0,16652
af4db3e4-2f01-40ce-bb36-c9f1f8b420a1,1671,Worker1,16669.1552734375,16679.001220703125,0,16669
af4db3e4-2f01-40ce-bb36-c9f1f8b420a1,1672,Worker1,16680.233154296875,16697.001220703125,0,16680
af4db3e4-2f01-40ce-bb36-c9f1f8b420a1,1673,Worker1,16687.1552734375,16705.001220703125,0,16687
af4db3e4-2f01-40ce-bb36-c9f1f8b420a1,1674,Worker1,16692.189208984375,16703.001220703125,0,16692
af4db3e4-2f01-40ce-bb36-c9f1f8b420a1,1675,Worker1,16695.1572265625,16707.001220703125,0,16695
af4db3e4-2f01-40ce-bb36-c9f1f8b420a1,1676,Worker1,16696.09326171875,16722.001220703125,0,16696
af4db3e4-2f01-40ce-bb36-c9f1f8b420a1,1677,Worker1,16702.208251953125,16714.001220703125,0,16702
af4db3e4-2f01-40ce-bb36-c9f1f8b420a1,1678,Worker1,16719.235107421875,16737.001220703125,0,16719
af4db3e4-2f01-40ce-bb36-c9f1f8b420a1,1679,Worker1,16721.09814453125,16743.001220703125,0,16721
af4db3e4-2f01-40ce-bb36-c9f1f8b420a1,1680,Worker1,16729.43017578125,16740.001220703125,0,16729
af4db3e4-2f01-40ce-bb36-c9f1f8b420a1,1681,Worker1,16734.185302734375,16746.001220703125,0,16734
af4db3e4-2f01-40ce-bb36-c9f1f8b420a1,1682,Worker1,16737.11328125,16797.001220703125,0,16737
af4db3e4-2f01-40ce-bb36-c9f1f8b420a1,1683,Worker1,16746.100341796875,16771.001220703125,0,16746
af4db3e4-2f01-40ce-bb36-c9f1f8b420a1,1684,Worker1,16780.128173828125,16797.001220703125,0,16780
af4db3e4-2f01-40ce-bb36-c9f1f8b420a1,1685,Worker1,16797.143310546875,16808.001220703125,0,16797
af4db3e4-2f01-40ce-bb36-c9f1f8b420a1,1686,Worker1,16808.2451171875,16819.001220703125,0,16808
af4db3e4-2f01-40ce-bb36-c9f1f8b420a1,1687,Worker1,16808.43310546875,16823.001220703125,0,16808
af4db3e4-2f01-40ce-bb36-c9f1f8b420a1,1688,Worker1,16813.26123046875,16824.001220703125,0,16813
af4db3e4-2f01-40ce-bb36-c9f1f8b420a1,1689,Worker1,16827.123291015625,16852.001220703125,0,16827
af4db3e4-2f01-40ce-bb36-c9f1f8b420a1,1690,Worker1,16837.186279296875,16849.001220703125,0,16837
af4db3e4-2f01-40ce-bb36-c9f1f8b420a1,1691,Worker1,16876.272216796875,16888.001220703125,0,16876
af4db3e4-2f01-40ce-bb36-c9f1f8b420a1,1692,Worker1,16880.255126953125,16889.001220703125,0,16880
af4db3e4-2f01-40ce-bb36-c9f1f8b420a1,1693,Worker1,16882.1142578125,16893.001220703125,0,16882
af4db3e4-2f01-40ce-bb36-c9f1f8b420a1,1694,Worker1,16890.236328125,16904.001220703125,0,16890
af4db3e4-2f01-40ce-bb36-c9f1f8b420a1,1695,Worker1,16895.128173828125,16909.001220703125,0,16895
af4db3e4-2f01-40ce-bb36-c9f1f8b420a1,1696,Worker1,16910.106201171875,16923.001220703125,0,16910
af4db3e4-2f01-40ce-bb36-c9f1f8b420a1,1697,Worker1,16911.09814453125,16928.001220703125,0,16911
af4db3e4-2f01-40ce-bb36-c9f1f8b420a1,1698,Worker1,16918.28515625,16930.001220703125,0,16918
af4db3e4-2f01-40ce-bb36-c9f1f8b420a1,1699,Worker1,16922.22021484375,16935.001220703125,0,16922
af4db3e4-2f01-40ce-bb36-c9f1f8b420a1,1700,Worker1,16924.111328125,16976.001220703125,0,16924
af4db3e4-2f01-40ce-bb36-c9f1f8b420a1,1701,Worker1,16925.108154296875,16936.001220703125,0,16925
af4db3e4-2f01-40ce-bb36-c9f1f8b420a1,1702,Worker1,16950.163330078125,16968.001220703125,0,16950
af4db3e4-2f01-40ce-bb36-c9f1f8b420a1,1703,Worker1,16953.23828125,16965.001220703125,0,16953
af4db3e4-2f01-40ce-bb36-c9f1f8b420a1,1704,Worker1,16963.146240234375,16974.001220703125,0,16963
af4db3e4-2f01-40ce-bb36-c9f1f8b420a1,1705,Worker1,17015.413330078125,17026.001220703125,0,17015
af4db3e4-2f01-40ce-bb36-c9f1f8b420a1,1706,Worker1,17034.203125,17048.001220703125,0,17034
af4db3e4-2f01-40ce-bb36-c9f1f8b420a1,1707,Worker1,17036.1171875,17051.001220703125,0,17036
af4db3e4-2f01-40ce-bb36-c9f1f8b420a1,1708,Worker1,17037.09912109375,17049.001220703125,0,17037
af4db3e4-2f01-40ce-bb36-c9f1f8b420a1,1709,Worker1,17063.232177734375,17078.001220703125,0,17063
af4db3e4-2f01-40ce-bb36-c9f1f8b420a1,1710,Worker1,17078.38818359375,17088.001220703125,0,17078
af4db3e4-2f01-40ce-bb36-c9f1f8b420a1,1711,Worker1,17088.288330078125,17100.001220703125,0,17088
af4db3e4-2f01-40ce-bb36-c9f1f8b420a1,1712,Worker1,17088.458251953125,17102.001220703125,0,17088
af4db3e4-2f01-40ce-bb36-c9f1f8b420a1,1713,Worker1,17108.244140625,17121.001220703125,0,17108
af4db3e4-2f01-40ce-bb36-c9f1f8b420a1,1714,Worker1,17110.104248046875,17123.001220703125,0,17110
af4db3e4-2f01-40ce-bb36-c9f1f8b420a1,1715,Worker1,17111.09521484375,17126.001220703125,0,17111
af4db3e4-2f01-40ce-bb36-c9f1f8b420a1,1716,Worker1,17117.479248046875,17129.001220703125,0,17117
af4db3e4-2f01-40ce-bb36-c9f1f8b420a1,1717,Worker1,17120.17724609375,17215.001220703125,0,17120
af4db3e4-2f01-40ce-bb36-c9f1f8b420a1,1719,Worker1,17122.125244140625,17135.001220703125,0,17122
af4db3e4-2f01-40ce-bb36-c9f1f8b420a1,1718,Worker1,17122.11328125,17134.001220703125,0,17122
af4db3e4-2f01-40ce-bb36-c9f1f8b420a1,1720,Worker1,17127.2431640625,17138.001220703125,0,17127
af4db3e4-2f01-40ce-bb36-c9f1f8b420a1,1721,Worker1,17130.190185546875,17143.001220703125,0,17130
af4db3e4-2f01-40ce-bb36-c9f1f8b420a1,1722,Worker1,17131.09716796875,17142.001220703125,0,17131
af4db3e4-2f01-40ce-bb36-c9f1f8b420a1,1723,Worker1,17137.230224609375,17148.001220703125,0,17137
af4db3e4-2f01-40ce-bb36-c9f1f8b420a1,1724,Worker1,17153.154296875,17172.001220703125,0,17153
af4db3e4-2f01-40ce-bb36-c9f1f8b420a1,1725,Worker1,17155.1142578125,17165.001220703125,0,17155
af4db3e4-2f01-40ce-bb36-c9f1f8b420a1,1726,Worker1,17155.297119140625,17170.001220703125,0,17155
af4db3e4-2f01-40ce-bb36-c9f1f8b420a1,1727,Worker1,17160.124267578125,17175.001220703125,0,17160
af4db3e4-2f01-40ce-bb36-c9f1f8b420a1,1728,Worker1,17163.111328125,17263.001220703125,0,17163
af4db3e4-2f01-40ce-bb36-c9f1f8b420a1,1729,Worker1,17172.151123046875,17198.001220703125,0,17172
af4db3e4-2f01-40ce-bb36-c9f1f8b420a1,1730,Worker1,17178.115234375,17191.001220703125,0,17178
af4db3e4-2f01-40ce-bb36-c9f1f8b420a1,1731,Worker1,17195.279296875,17206.001220703125,0,17195
af4db3e4-2f01-40ce-bb36-c9f1f8b420a1,1732,Worker1,17206.126220703125,17221.001220703125,0,17206
af4db3e4-2f01-40ce-bb36-c9f1f8b420a1,1733,Worker1,17206.126220703125,17219.001220703125,0,17206
af4db3e4-2f01-40ce-bb36-c9f1f8b420a1,1734,Worker1,17228.34423828125,17238.001220703125,0,17228
af4db3e4-2f01-40ce-bb36-c9f1f8b420a1,1735,Worker1,17231.126220703125,17241.001220703125,0,17231
af4db3e4-2f01-40ce-bb36-c9f1f8b420a1,1736,Worker1,17232.09423828125,17243.001220703125,0,17232
af4db3e4-2f01-40ce-bb36-c9f1f8b420a1,1737,Worker1,17265.336181640625,17275.001220703125,0,17265
af4db3e4-2f01-40ce-bb36-c9f1f8b420a1,1738,Worker1,17282.189208984375,17302.001220703125,0,17282
af4db3e4-2f01-40ce-bb36-c9f1f8b420a1,1739,Worker1,17284.1201171875,17303.001220703125,0,17284
af4db3e4-2f01-40ce-bb36-c9f1f8b420a1,1740,Worker1,17292.129150390625,17305.001220703125,0,17292
af4db3e4-2f01-40ce-bb36-c9f1f8b420a1,1741,Worker1,17315.1953125,17327.001220703125,0,17315
af4db3e4-2f01-40ce-bb36-c9f1f8b420a1,1742,Worker1,17329.203125,17342.001220703125,0,17329
af4db3e4-2f01-40ce-bb36-c9f1f8b420a1,1743,Worker1,17338.121337890625,17353.001220703125,0,17338
af4db3e4-2f01-40ce-bb36-c9f1f8b420a1,1744,Worker1,17373.277099609375,17387.001220703125,0,17373
af4db3e4-2f01-40ce-bb36-c9f1f8b420a1,1745,Worker1,17377.2451171875,17388.001220703125,0,17377
af4db3e4-2f01-40ce-bb36-c9f1f8b420a1,1746,Worker1,17379.1123046875,17389.001220703125,0,17379
af4db3e4-2f01-40ce-bb36-c9f1f8b420a1,1747,Worker1,17387.333251953125,17399.001220703125,0,17387
af4db3e4-2f01-40ce-bb36-c9f1f8b420a1,1748,Worker1,17392.1162109375,17405.001220703125,0,17392
af4db3e4-2f01-40ce-bb36-c9f1f8b420a1,1749,Worker1,17406.213134765625,17438.001220703125,0,17406
af4db3e4-2f01-40ce-bb36-c9f1f8b420a1,1750,Worker1,17416.1943359375,17428.001220703125,0,17416
af4db3e4-2f01-40ce-bb36-c9f1f8b420a1,1751,Worker1,17422.248291015625,17434.001220703125,0,17422
af4db3e4-2f01-40ce-bb36-c9f1f8b420a1,1752,Worker1,17441.206298828125,17453.001220703125,0,17441
af4db3e4-2f01-40ce-bb36-c9f1f8b420a1,1753,Worker1,17443.121337890625,17455.001220703125,0,17443
af4db3e4-2f01-40ce-bb36-c9f1f8b420a1,1754,Worker1,17444.09326171875,17459.001220703125,0,17444
af4db3e4-2f01-40ce-bb36-c9f1f8b420a1,1755,Worker1,17449.09716796875,17461.001220703125,0,17449
af4db3e4-2f01-40ce-bb36-c9f1f8b420a1,1756,Worker1,17464.13818359375,17483.001220703125,0,17464
af4db3e4-2f01-40ce-bb36-c9f1f8b420a1,1757,Worker1,17474.144287109375,17485.001220703125,0,17474
af4db3e4-2f01-40ce-bb36-c9f1f8b420a1,1758,Worker1,17481.1142578125,17497.001220703125,0,17481
af4db3e4-2f01-40ce-bb36-c9f1f8b420a1,1759,Worker1,17500.228271484375,17523.001220703125,0,17500
af4db3e4-2f01-40ce-bb36-c9f1f8b420a1,1760,Worker1,17512.240234375,17527.001220703125,0,17512
af4db3e4-2f01-40ce-bb36-c9f1f8b420a1,1761,Worker1,17513.104248046875,17524.001220703125,0,17513
af4db3e4-2f01-40ce-bb36-c9f1f8b420a1,1762,Worker1,17519.2021484375,17530.001220703125,0,17519
af4db3e4-2f01-40ce-bb36-c9f1f8b420a1,1763,Worker1,17534.25830078125,17547.001220703125,0,17534
af4db3e4-2f01-40ce-bb36-c9f1f8b420a1,1764,Worker1,17535.09912109375,17549.001220703125,0,17535
af4db3e4-2f01-40ce-bb36-c9f1f8b420a1,1765,Worker1,17544.18017578125,17557.001220703125,0,17544
af4db3e4-2f01-40ce-bb36-c9f1f8b420a1,1766,Worker1,17550.197265625,17560.001220703125,0,17550
af4db3e4-2f01-40ce-bb36-c9f1f8b420a1,1767,Worker1,17566.1552734375,17578.001220703125,0,17566
af4db3e4-2f01-40ce-bb36-c9f1f8b420a1,1768,Worker1,17577.267333984375,17588.001220703125,0,17577
af4db3e4-2f01-40ce-bb36-c9f1f8b420a1,1769,Worker1,17577.4072265625,17588.001220703125,0,17577
af4db3e4-2f01-40ce-bb36-c9f1f8b420a1,1770,Worker1,17598.142333984375,17610.001220703125,0,17598
af4db3e4-2f01-40ce-bb36-c9f1f8b420a1,1771,Worker1,17611.206298828125,17626.001220703125,0,17611
af4db3e4-2f01-40ce-bb36-c9f1f8b420a1,1772,Worker1,17620.1171875,17632.001220703125,0,17620
af4db3e4-2f01-40ce-bb36-c9f1f8b420a1,1773,Worker1,17626.131103515625,17642.001220703125,0,17626
af4db3e4-2f01-40ce-bb36-c9f1f8b420a1,1774,Worker1,17643.13818359375,17657.001220703125,0,17643
af4db3e4-2f01-40ce-bb36-c9f1f8b420a1,1775,Worker1,17654.13525390625,17672.001220703125,0,17654
af4db3e4-2f01-40ce-bb36-c9f1f8b420a1,1776,Worker1,17662.129150390625,17675.001220703125,0,17662
af4db3e4-2f01-40ce-bb36-c9f1f8b420a1,1777,Worker1,17667.225341796875,17682.001220703125,0,17667
af4db3e4-2f01-40ce-bb36-c9f1f8b420a1,1778,Worker1,17670.130126953125,17684.001220703125,0,17670
af4db3e4-2f01-40ce-bb36-c9f1f8b420a1,1779,Worker1,17679.25830078125,17695.001220703125,0,17679
af4db3e4-2f01-40ce-bb36-c9f1f8b420a1,1780,Worker1,17685.290283203125,17762.001220703125,0,17685
af4db3e4-2f01-40ce-bb36-c9f1f8b420a1,1781,Worker1,17689.25927734375,17701.001220703125,0,17689
af4db3e4-2f01-40ce-bb36-c9f1f8b420a1,1782,Worker1,17700.11328125,17713.001220703125,0,17700
af4db3e4-2f01-40ce-bb36-c9f1f8b420a1,1783,Worker1,17700.272216796875,17712.001220703125,0,17700
af4db3e4-2f01-40ce-bb36-c9f1f8b420a1,1784,Worker1,17705.146240234375,17716.001220703125,0,17705
af4db3e4-2f01-40ce-bb36-c9f1f8b420a1,1785,Worker1,17708.128173828125,17733.001220703125,0,17708
af4db3e4-2f01-40ce-bb36-c9f1f8b420a1,1786,Worker1,17709.101318359375,17720.001220703125,0,17709
af4db3e4-2f01-40ce-bb36-c9f1f8b420a1,1787,Worker1,17715.125244140625,17724.001220703125,0,17715
af4db3e4-2f01-40ce-bb36-c9f1f8b420a1,1788,Worker1,17732.3232421875,17747.001220703125,0,17732
af4db3e4-2f01-40ce-bb36-c9f1f8b420a1,1789,Worker1,17734.108154296875,17744.001220703125,0,17734
af4db3e4-2f01-40ce-bb36-c9f1f8b420a1,1790,Worker1,17734.247314453125,17745.001220703125,0,17734
af4db3e4-2f01-40ce-bb36-c9f1f8b420a1,1791,Worker1,17757.210205078125,17768.001220703125,0,17757
af4db3e4-2f01-40ce-bb36-c9f1f8b420a1,1792,Worker1,17760.119140625,17773.001220703125,0,17760
af4db3e4-2f01-40ce-bb36-c9f1f8b420a1,1793,Worker1,17761.09033203125,17774.001220703125,0,17761
af4db3e4-2f01-40ce-bb36-c9f1f8b420a1,1794,Worker1,17797.1552734375,17816.001220703125,0,17797
af4db3e4-2f01-40ce-bb36-c9f1f8b420a1,1795,Worker1,17815.2392578125,17828.001220703125,0,17815
af4db3e4-2f01-40ce-bb36-c9f1f8b420a1,1796,Worker1,17827.22216796875,17842.001220703125,0,17827
af4db3e4-2f01-40ce-bb36-c9f1f8b420a1,1797,Worker1,17828.103271484375,17843.001220703125,0,17828
af4db3e4-2f01-40ce-bb36-c9f1f8b420a1,1798,Worker1,17833.268310546875,17845.001220703125,0,17833
af4db3e4-2f01-40ce-bb36-c9f1f8b420a1,1799,Worker1,17848.296142578125,17859.001220703125,0,17848
af4db3e4-2f01-40ce-bb36-c9f1f8b420a1,1800,Worker1,17849.09912109375,17859.001220703125,0,17849
af4db3e4-2f01-40ce-bb36-c9f1f8b420a1,1801,Worker1,17856.240234375,17878.001220703125,0,17856
af4db3e4-2f01-40ce-bb36-c9f1f8b420a1,1802,Worker1,17860.187255859375,17893.001220703125,0,17860
af4db3e4-2f01-40ce-bb36-c9f1f8b420a1,1803,Worker1,17872.151123046875,17886.001220703125,0,17872
af4db3e4-2f01-40ce-bb36-c9f1f8b420a1,1804,Worker1,17873.09228515625,17884.001220703125,0,17873
af4db3e4-2f01-40ce-bb36-c9f1f8b420a1,1805,Worker1,17898.18212890625,17923.001220703125,0,17898
af4db3e4-2f01-40ce-bb36-c9f1f8b420a1,1806,Worker1,17901.185302734375,17914.001220703125,0,17901
af4db3e4-2f01-40ce-bb36-c9f1f8b420a1,1807,Worker1,17902.103271484375,17914.001220703125,0,17902
af4db3e4-2f01-40ce-bb36-c9f1f8b420a1,1808,Worker1,17909.1171875,17924.001220703125,0,17909
af4db3e4-2f01-40ce-bb36-c9f1f8b420a1,1809,Worker1,17913.273193359375,17927.001220703125,0,17913
af4db3e4-2f01-40ce-bb36-c9f1f8b420a1,1810,Worker1,17915.18310546875,17925.001220703125,0,17915
af4db3e4-2f01-40ce-bb36-c9f1f8b420a1,1811,Worker1,17916.100341796875,17942.001220703125,0,17916
af4db3e4-2f01-40ce-bb36-c9f1f8b420a1,1812,Worker1,17942.165283203125,17954.001220703125,0,17942
af4db3e4-2f01-40ce-bb36-c9f1f8b420a1,1813,Worker1,17945.146240234375,17957.001220703125,0,17945
af4db3e4-2f01-40ce-bb36-c9f1f8b420a1,1814,Worker1,17947.106201171875,17959.001220703125,0,17947
af4db3e4-2f01-40ce-bb36-c9f1f8b420a1,1815,Worker1,17954.231201171875,17966.001220703125,0,17954
af4db3e4-2f01-40ce-bb36-c9f1f8b420a1,1816,Worker1,17958.13916015625,17983.001220703125,0,17958
af4db3e4-2f01-40ce-bb36-c9f1f8b420a1,1817,Worker1,17971.29931640625,17987.001220703125,0,17971
af4db3e4-2f01-40ce-bb36-c9f1f8b420a1,1818,Worker1,17972.09033203125,17984.001220703125,0,17972
af4db3e4-2f01-40ce-bb36-c9f1f8b420a1,1819,Worker1,17978.17919921875,17988.001220703125,0,17978
af4db3e4-2f01-40ce-bb36-c9f1f8b420a1,1820,Worker1,17994.1962890625,18005.001220703125,0,17994
af4db3e4-2f01-40ce-bb36-c9f1f8b420a1,1821,Worker1,18005.193115234375,18022.001220703125,0,18005
af4db3e4-2f01-40ce-bb36-c9f1f8b420a1,1822,Worker1,18012.121337890625,18023.001220703125,0,18012
af4db3e4-2f01-40ce-bb36-c9f1f8b420a1,1823,Worker1,18016.13623046875,18025.001220703125,0,18016
af4db3e4-2f01-40ce-bb36-c9f1f8b420a1,1824,Worker1,18029.158203125,18043.001220703125,0,18029
af4db3e4-2f01-40ce-bb36-c9f1f8b420a1,1825,Worker1,18030.101318359375,18043.001220703125,0,18030
af4db3e4-2f01-40ce-bb36-c9f1f8b420a1,1826,Worker1,18036.124267578125,18047.001220703125,0,18036
af4db3e4-2f01-40ce-bb36-c9f1f8b420a1,1827,Worker1,18052.13818359375,18063.001220703125,0,18052
af4db3e4-2f01-40ce-bb36-c9f1f8b420a1,1828,Worker1,18054.109130859375,18072.001220703125,0,18054
af4db3e4-2f01-40ce-bb36-c9f1f8b420a1,1829,Worker1,18054.30419921875,18070.001220703125,0,18054
af4db3e4-2f01-40ce-bb36-c9f1f8b420a1,1830,Worker1,18059.109130859375,18070.001220703125,0,18059
af4db3e4-2f01-40ce-bb36-c9f1f8b420a1,1831,Worker1,18072.148193359375,18091.001220703125,0,18072
af4db3e4-2f01-40ce-bb36-c9f1f8b420a1,1832,Worker1,18081.127197265625,18100.001220703125,0,18081
af4db3e4-2f01-40ce-bb36-c9f1f8b420a1,1833,Worker1,18087.251220703125,18107.001220703125,0,18087
af4db3e4-2f01-40ce-bb36-c9f1f8b420a1,1834,Worker1,18104.121337890625,18116.001220703125,0,18104
af4db3e4-2f01-40ce-bb36-c9f1f8b420a1,1835,Worker1,18115.273193359375,18134.001220703125,0,18115
af4db3e4-2f01-40ce-bb36-c9f1f8b420a1,1836,Worker1,18115.130126953125,18128.001220703125,0,18115
af4db3e4-2f01-40ce-bb36-c9f1f8b420a1,1837,Worker1,18120.115234375,18132.001220703125,0,18120
af4db3e4-2f01-40ce-bb36-c9f1f8b420a1,1838,Worker1,18134.13232421875,18147.001220703125,0,18134
af4db3e4-2f01-40ce-bb36-c9f1f8b420a1,1839,Worker1,18135.088134765625,18149.001220703125,0,18135
af4db3e4-2f01-40ce-bb36-c9f1f8b420a1,1840,Worker1,18166.1591796875,18176.001220703125,0,18166
af4db3e4-2f01-40ce-bb36-c9f1f8b420a1,1841,Worker1,18170.17626953125,18231.001220703125,0,18170
af4db3e4-2f01-40ce-bb36-c9f1f8b420a1,1842,Worker1,18172.111328125,18183.001220703125,0,18172
af4db3e4-2f01-40ce-bb36-c9f1f8b420a1,1843,Worker1,18180.129150390625,18204.001220703125,0,18180
af4db3e4-2f01-40ce-bb36-c9f1f8b420a1,1844,Worker1,18185.189208984375,18196.001220703125,0,18185
af4db3e4-2f01-40ce-bb36-c9f1f8b420a1,1845,Worker1,18188.127197265625,18207.001220703125,0,18188
af4db3e4-2f01-40ce-bb36-c9f1f8b420a1,1846,Worker1,18197.130126953125,18213.001220703125,0,18197
af4db3e4-2f01-40ce-bb36-c9f1f8b420a1,1847,Worker1,18230.208251953125,18240.001220703125,0,18230
af4db3e4-2f01-40ce-bb36-c9f1f8b420a1,1848,Worker1,18248.2431640625,18259.001220703125,0,18248
af4db3e4-2f01-40ce-bb36-c9f1f8b420a1,1850,Worker1,18250.130126953125,18260.001220703125,0,18250
af4db3e4-2f01-40ce-bb36-c9f1f8b420a1,1849,Worker1,18250.121337890625,18261.001220703125,0,18250
af4db3e4-2f01-40ce-bb36-c9f1f8b420a1,1851,Worker1,18273.1572265625,18289.001220703125,0,18273
af4db3e4-2f01-40ce-bb36-c9f1f8b420a1,1852,Worker1,18287.163330078125,18301.001220703125,0,18287
af4db3e4-2f01-40ce-bb36-c9f1f8b420a1,1853,Worker1,18297.247314453125,18341.001220703125,0,18297
af4db3e4-2f01-40ce-bb36-c9f1f8b420a1,1854,Worker1,18335.334228515625,18347.001220703125,0,18335
af4db3e4-2f01-40ce-bb36-c9f1f8b420a1,1855,Worker1,18339.25927734375,18349.001220703125,0,18339
af4db3e4-2f01-40ce-bb36-c9f1f8b420a1,1856,Worker1,18341.115234375,18353.001220703125,0,18341
af4db3e4-2f01-40ce-bb36-c9f1f8b420a1,1857,Worker1,18342.09912109375,18374.001220703125,0,18342
af4db3e4-2f01-40ce-bb36-c9f1f8b420a1,1858,Worker1,18347.292236328125,18357.001220703125,0,18347
af4db3e4-2f01-40ce-bb36-c9f1f8b420a1,1859,Worker1,18362.131103515625,18375.001220703125,0,18362
af4db3e4-2f01-40ce-bb36-c9f1f8b420a1,1860,Worker1,18372.201171875,18392.001220703125,0,18372
af4db3e4-2f01-40ce-bb36-c9f1f8b420a1,1861,Worker1,18415.26513671875,18428.001220703125,0,18415
af4db3e4-2f01-40ce-bb36-c9f1f8b420a1,1862,Worker1,18419.252197265625,18437.001220703125,0,18419
af4db3e4-2f01-40ce-bb36-c9f1f8b420a1,1863,Worker1,18431.29833984375,18505.001220703125,0,18431
af4db3e4-2f01-40ce-bb36-c9f1f8b420a1,1864,Worker1,18432.104248046875,18441.001220703125,0,18432
af4db3e4-2f01-40ce-bb36-c9f1f8b420a1,1865,Worker1,18437.110107421875,18453.001220703125,0,18437
af4db3e4-2f01-40ce-bb36-c9f1f8b420a1,1866,Worker1,18452.249267578125,18463.001220703125,0,18452
af4db3e4-2f01-40ce-bb36-c9f1f8b420a1,1867,Worker1,18453.1171875,18465.001220703125,0,18453
af4db3e4-2f01-40ce-bb36-c9f1f8b420a1,1868,Worker1,18501.267333984375,18513.001220703125,0,18501
af4db3e4-2f01-40ce-bb36-c9f1f8b420a1,1869,Worker1,18520.214111328125,18531.001220703125,0,18520
af4db3e4-2f01-40ce-bb36-c9f1f8b420a1,1870,Worker1,18522.111328125,18532.001220703125,0,18522
af4db3e4-2f01-40ce-bb36-c9f1f8b420a1,1871,Worker1,18530.13330078125,18545.001220703125,0,18530
af4db3e4-2f01-40ce-bb36-c9f1f8b420a1,1872,Worker1,18536.115234375,18549.001220703125,0,18536
af4db3e4-2f01-40ce-bb36-c9f1f8b420a1,1873,Worker1,18551.16015625,18561.001220703125,0,18551
af4db3e4-2f01-40ce-bb36-c9f1f8b420a1,1874,Worker1,18561.1201171875,18573.001220703125,0,18561
af4db3e4-2f01-40ce-bb36-c9f1f8b420a1,1875,Worker1,18568.2001953125,18579.001220703125,0,18568
af4db3e4-2f01-40ce-bb36-c9f1f8b420a1,1876,Worker1,18588.130126953125,18598.001220703125,0,18588
af4db3e4-2f01-40ce-bb36-c9f1f8b420a1,1877,Worker1,18601.146240234375,18611.001220703125,0,18601
af4db3e4-2f01-40ce-bb36-c9f1f8b420a1,1878,Worker1,18610.248291015625,18621.001220703125,0,18610
af4db3e4-2f01-40ce-bb36-c9f1f8b420a1,1879,Worker1,18638.146240234375,18651.001220703125,0,18638
af4db3e4-2f01-40ce-bb36-c9f1f8b420a1,1880,Worker1,18641.147216796875,18658.001220703125,0,18641
af4db3e4-2f01-40ce-bb36-c9f1f8b420a1,1881,Worker1,18643.108154296875,18655.001220703125,0,18643
af4db3e4-2f01-40ce-bb36-c9f1f8b420a1,1882,Worker1,18643.28125,18654.001220703125,0,18643
af4db3e4-2f01-40ce-bb36-c9f1f8b420a1,1883,Worker1,18663.254150390625,18675.001220703125,0,18663
af4db3e4-2f01-40ce-bb36-c9f1f8b420a1,1884,Worker1,18666.225341796875,18683.001220703125,0,18666
af4db3e4-2f01-40ce-bb36-c9f1f8b420a1,1885,Worker1,18675.214111328125,18752.001220703125,0,18675
af4db3e4-2f01-40ce-bb36-c9f1f8b420a1,1886,Worker1,18681.21533203125,18694.001220703125,0,18681
af4db3e4-2f01-40ce-bb36-c9f1f8b420a1,1887,Worker1,18697.236328125,18710.001220703125,0,18697
af4db3e4-2f01-40ce-bb36-c9f1f8b420a1,1888,Worker1,18699.109130859375,18724.001220703125,0,18699
af4db3e4-2f01-40ce-bb36-c9f1f8b420a1,1889,Worker1,18706.13818359375,18715.001220703125,0,18706
af4db3e4-2f01-40ce-bb36-c9f1f8b420a1,1890,Worker1,18711.13623046875,18738.001220703125,0,18711
af4db3e4-2f01-40ce-bb36-c9f1f8b420a1,1891,Worker1,18714.192138671875,18728.001220703125,0,18714
af4db3e4-2f01-40ce-bb36-c9f1f8b420a1,1892,Worker1,18723.1962890625,18736.001220703125,0,18723
af4db3e4-2f01-40ce-bb36-c9f1f8b420a1,1893,Worker1,18729.246337890625,18741.001220703125,0,18729
af4db3e4-2f01-40ce-bb36-c9f1f8b420a1,1894,Worker1,18746.251220703125,18756.001220703125,0,18746
af4db3e4-2f01-40ce-bb36-c9f1f8b420a1,1895,Worker1,18748.088134765625,18759.001220703125,0,18748
af4db3e4-2f01-40ce-bb36-c9f1f8b420a1,1896,Worker1,18756.26318359375,18768.001220703125,0,18756
af4db3e4-2f01-40ce-bb36-c9f1f8b420a1,1897,Worker1,18778.21533203125,18795.001220703125,0,18778
af4db3e4-2f01-40ce-bb36-c9f1f8b420a1,1898,Worker1,18781.22216796875,18792.001220703125,0,18781
af4db3e4-2f01-40ce-bb36-c9f1f8b420a1,1899,Worker1,18790.14111328125,18804.001220703125,0,18790
af4db3e4-2f01-40ce-bb36-c9f1f8b420a1,1900,Worker1,18822.317138671875,18883.001220703125,0,18822
af4db3e4-2f01-40ce-bb36-c9f1f8b420a1,1901,Worker1,18826.110107421875,18842.001220703125,0,18826
af4db3e4-2f01-40ce-bb36-c9f1f8b420a1,1903,Worker1,18828.2822265625,18842.001220703125,0,18828
af4db3e4-2f01-40ce-bb36-c9f1f8b420a1,1902,Worker1,18828.111328125,18839.001220703125,0,18828
af4db3e4-2f01-40ce-bb36-c9f1f8b420a1,1904,Worker1,18850.234130859375,18866.001220703125,0,18850
af4db3e4-2f01-40ce-bb36-c9f1f8b420a1,1905,Worker1,18864.229248046875,18876.001220703125,0,18864
af4db3e4-2f01-40ce-bb36-c9f1f8b420a1,1906,Worker1,18865.089111328125,18879.001220703125,0,18865
af4db3e4-2f01-40ce-bb36-c9f1f8b420a1,1907,Worker1,18866.09912109375,18876.001220703125,0,18866
af4db3e4-2f01-40ce-bb36-c9f1f8b420a1,1908,Worker1,18871.2001953125,18881.001220703125,0,18871
af4db3e4-2f01-40ce-bb36-c9f1f8b420a1,1909,Worker1,18886.0341796875,18900.001220703125,0,18886
af4db3e4-2f01-40ce-bb36-c9f1f8b420a1,1910,Worker1,18896.25830078125,18908.001220703125,0,18896
af4db3e4-2f01-40ce-bb36-c9f1f8b420a1,1911,Worker1,18903.193115234375,18916.001220703125,0,18903
af4db3e4-2f01-40ce-bb36-c9f1f8b420a1,1912,Worker1,18922.144287109375,18934.001220703125,0,18922
af4db3e4-2f01-40ce-bb36-c9f1f8b420a1,1913,Worker1,18924.09912109375,18939.001220703125,0,18924
af4db3e4-2f01-40ce-bb36-c9f1f8b420a1,1914,Worker1,18925.076171875,18935.001220703125,0,18925
af4db3e4-2f01-40ce-bb36-c9f1f8b420a1,1915,Worker1,18951.210205078125,18967.001220703125,0,18951
af4db3e4-2f01-40ce-bb36-c9f1f8b420a1,1916,Worker1,18954.17724609375,18967.001220703125,0,18954
af4db3e4-2f01-40ce-bb36-c9f1f8b420a1,1917,Worker1,18956.119140625,18968.001220703125,0,18956
af4db3e4-2f01-40ce-bb36-c9f1f8b420a1,1918,Worker1,18963.144287109375,18978.001220703125,0,18963
af4db3e4-2f01-40ce-bb36-c9f1f8b420a1,1919,Worker1,18982.30615234375,18993.001220703125,0,18982
af4db3e4-2f01-40ce-bb36-c9f1f8b420a1,1920,Worker1,18984.11328125,18994.001220703125,0,18984
af4db3e4-2f01-40ce-bb36-c9f1f8b420a1,1921,Worker1,18993.236328125,19008.001220703125,0,18993
af4db3e4-2f01-40ce-bb36-c9f1f8b420a1,1922,Worker1,18999.211181640625,19011.001220703125,0,18999
af4db3e4-2f01-40ce-bb36-c9f1f8b420a1,1923,Worker1,19015.172119140625,19028.001220703125,0,19015
af4db3e4-2f01-40ce-bb36-c9f1f8b420a1,1924,Worker1,19025.188232421875,19043.001220703125,0,19025
af4db3e4-2f01-40ce-bb36-c9f1f8b420a1,1925,Worker1,19032.1162109375,19043.001220703125,0,19032
af4db3e4-2f01-40ce-bb36-c9f1f8b420a1,1926,Worker1,19052.21826171875,19066.001220703125,0,19052
af4db3e4-2f01-40ce-bb36-c9f1f8b420a1,1927,Worker1,19065.236328125,19076.001220703125,0,19065
af4db3e4-2f01-40ce-bb36-c9f1f8b420a1,1928,Worker1,19066.105224609375,19083.001220703125,0,19066
af4db3e4-2f01-40ce-bb36-c9f1f8b420a1,1929,Worker1,19072.154296875,19094.001220703125,0,19072
af4db3e4-2f01-40ce-bb36-c9f1f8b420a1,1930,Worker1,19076.247314453125,19087.001220703125,0,19076
af4db3e4-2f01-40ce-bb36-c9f1f8b420a1,1931,Worker1,19087.1142578125,19096.001220703125,0,19087
af4db3e4-2f01-40ce-bb36-c9f1f8b420a1,1932,Worker1,19094.236328125,19109.001220703125,0,19094
af4db3e4-2f01-40ce-bb36-c9f1f8b420a1,1933,Worker1,19099.107177734375,19110.001220703125,0,19099
af4db3e4-2f01-40ce-bb36-c9f1f8b420a1,1934,Worker1,19112.201171875,19124.001220703125,0,19112
af4db3e4-2f01-40ce-bb36-c9f1f8b420a1,1935,Worker1,19113.09423828125,19124.001220703125,0,19113
af4db3e4-2f01-40ce-bb36-c9f1f8b420a1,1936,Worker1,19119.2001953125,19129.001220703125,0,19119
af4db3e4-2f01-40ce-bb36-c9f1f8b420a1,1937,Worker1,19135.393310546875,19146.001220703125,0,19135
af4db3e4-2f01-40ce-bb36-c9f1f8b420a1,1938,Worker1,19146.214111328125,19158.001220703125,0,19146
af4db3e4-2f01-40ce-bb36-c9f1f8b420a1,1939,Worker1,19146.22119140625,19157.001220703125,0,19146
af4db3e4-2f01-40ce-bb36-c9f1f8b420a1,1940,Worker1,19167.1142578125,19178.001220703125,0,19167
af4db3e4-2f01-40ce-bb36-c9f1f8b420a1,1941,Worker1,19180.28515625,19194.001220703125,0,19180
af4db3e4-2f01-40ce-bb36-c9f1f8b420a1,1942,Worker1,19189.240234375,19200.001220703125,0,19189
af4db3e4-2f01-40ce-bb36-c9f1f8b420a1,1943,Worker1,19220.311279296875,19232.001220703125,0,19220
af4db3e4-2f01-40ce-bb36-c9f1f8b420a1,1944,Worker1,19224.1171875,19235.001220703125,0,19224
af4db3e4-2f01-40ce-bb36-c9f1f8b420a1,1945,Worker1,19226.1142578125,19239.001220703125,0,19226
af4db3e4-2f01-40ce-bb36-c9f1f8b420a1,1946,Worker1,19234.246337890625,19249.001220703125,0,19234
af4db3e4-2f01-40ce-bb36-c9f1f8b420a1,1947,Worker1,19239.1572265625,19250.001220703125,0,19239
af4db3e4-2f01-40ce-bb36-c9f1f8b420a1,1948,Worker1,19242.21630859375,19255.001220703125,0,19242
af4db3e4-2f01-40ce-bb36-c9f1f8b420a1,1949,Worker1,19243.102294921875,19256.001220703125,0,19243
af4db3e4-2f01-40ce-bb36-c9f1f8b420a1,1950,Worker1,19276.163330078125,19287.001220703125,0,19276
af4db3e4-2f01-40ce-bb36-c9f1f8b420a1,1951,Worker1,19280.1943359375,19292.001220703125,0,19280
af4db3e4-2f01-40ce-bb36-c9f1f8b420a1,1952,Worker1,19292.247314453125,19302.001220703125,0,19292
af4db3e4-2f01-40ce-bb36-c9f1f8b420a1,1953,Worker1,19300.2431640625,19323.001220703125,0,19300
af4db3e4-2f01-40ce-bb36-c9f1f8b420a1,1954,Worker1,19323.335205078125,19335.001220703125,0,19323
af4db3e4-2f01-40ce-bb36-c9f1f8b420a1,1955,Worker1,19326.1181640625,19349.001220703125,0,19326
af4db3e4-2f01-40ce-bb36-c9f1f8b420a1,1956,Worker1,19327.09326171875,19339.001220703125,0,19327
af4db3e4-2f01-40ce-bb36-c9f1f8b420a1,1957,Worker1,19333.309326171875,19345.001220703125,0,19333
af4db3e4-2f01-40ce-bb36-c9f1f8b420a1,1958,Worker1,19351.359130859375,19361.001220703125,0,19351
af4db3e4-2f01-40ce-bb36-c9f1f8b420a1,1959,Worker1,19363.421142578125,19382.001220703125,0,19363
af4db3e4-2f01-40ce-bb36-c9f1f8b420a1,1960,Worker1,19363.25927734375,19375.001220703125,0,19363
af4db3e4-2f01-40ce-bb36-c9f1f8b420a1,1961,Worker1,19368.13232421875,19382.001220703125,0,19368
af4db3e4-2f01-40ce-bb36-c9f1f8b420a1,1962,Worker1,19383.211181640625,19394.001220703125,0,19383
af4db3e4-2f01-40ce-bb36-c9f1f8b420a1,1963,Worker1,19393.26123046875,19405.001220703125,0,19393
af4db3e4-2f01-40ce-bb36-c9f1f8b420a1,1964,Worker1,19432.1953125,19447.001220703125,0,19432
af4db3e4-2f01-40ce-bb36-c9f1f8b420a1,1965,Worker1,19450.158203125,19462.001220703125,0,19450
af4db3e4-2f01-40ce-bb36-c9f1f8b420a1,1966,Worker1,19452.09521484375,19478.001220703125,0,19452
af4db3e4-2f01-40ce-bb36-c9f1f8b420a1,1967,Worker1,19453.09716796875,19463.001220703125,0,19453
af4db3e4-2f01-40ce-bb36-c9f1f8b420a1,1968,Worker1,19458.13427734375,19471.001220703125,0,19458
af4db3e4-2f01-40ce-bb36-c9f1f8b420a1,1969,Worker1,19473.213134765625,19489.001220703125,0,19473
af4db3e4-2f01-40ce-bb36-c9f1f8b420a1,1970,Worker1,19483.13818359375,19495.001220703125,0,19483
af4db3e4-2f01-40ce-bb36-c9f1f8b420a1,1971,Worker1,19537.2431640625,19549.001220703125,0,19537
af4db3e4-2f01-40ce-bb36-c9f1f8b420a1,1972,Worker1,19541.154296875,19552.001220703125,0,19541
af4db3e4-2f01-40ce-bb36-c9f1f8b420a1,1973,Worker1,19553.269287109375,19567.001220703125,0,19553
af4db3e4-2f01-40ce-bb36-c9f1f8b420a1,1974,Worker1,19554.09716796875,19566.001220703125,0,19554
af4db3e4-2f01-40ce-bb36-c9f1f8b420a1,1975,Worker1,19581.34521484375,19594.001220703125,0,19581
af4db3e4-2f01-40ce-bb36-c9f1f8b420a1,1976,Worker1,19596.283203125,19610.001220703125,0,19596
af4db3e4-2f01-40ce-bb36-c9f1f8b420a1,1977,Worker1,19597.107177734375,19608.001220703125,0,19597
af4db3e4-2f01-40ce-bb36-c9f1f8b420a1,1978,Worker1,19664.154296875,19678.001220703125,0,19664
af4db3e4-2f01-40ce-bb36-c9f1f8b420a1,1979,Worker1,19668.214111328125,19685.001220703125,0,19668
af4db3e4-2f01-40ce-bb36-c9f1f8b420a1,1980,Worker1,19670.110107421875,19683.001220703125,0,19670
af4db3e4-2f01-40ce-bb36-c9f1f8b420a1,1981,Worker1,19671.100341796875,19682.001220703125,0,19671
af4db3e4-2f01-40ce-bb36-c9f1f8b420a1,1982,Worker1,19698.149169921875,19711.001220703125,0,19698
af4db3e4-2f01-40ce-bb36-c9f1f8b420a1,1983,Worker1,19714.22119140625,19731.001220703125,0,19714
af4db3e4-2f01-40ce-bb36-c9f1f8b420a1,1984,Worker1,19724.212158203125,19736.001220703125,0,19724
af4db3e4-2f01-40ce-bb36-c9f1f8b420a1,1985,Worker1,19731.236328125,19743.001220703125,0,19731
af4db3e4-2f01-40ce-bb36-c9f1f8b420a1,1986,Worker1,19736.236328125,19748.001220703125,0,19736
af4db3e4-2f01-40ce-bb36-c9f1f8b420a1,1987,Worker1,19749.236328125,19760.001220703125,0,19749
af4db3e4-2f01-40ce-bb36-c9f1f8b420a1,1988,Worker1,19750.09033203125,19769.001220703125,0,19750
af4db3e4-2f01-40ce-bb36-c9f1f8b420a1,1989,Worker1,19756.25830078125,19767.001220703125,0,19756
af4db3e4-2f01-40ce-bb36-c9f1f8b420a1,1990,Worker1,19760.1552734375,19775.001220703125,0,19760
af4db3e4-2f01-40ce-bb36-c9f1f8b420a1,1991,Worker1,19771.212158203125,19783.001220703125,0,19771
af4db3e4-2f01-40ce-bb36-c9f1f8b420a1,1992,Worker1,19771.201171875,19783.001220703125,0,19771
af4db3e4-2f01-40ce-bb36-c9f1f8b420a1,1993,Worker1,19776.21923828125,19789.001220703125,0,19776
af4db3e4-2f01-40ce-bb36-c9f1f8b420a1,1994,Worker1,19789.30517578125,19811.001220703125,0,19789
af4db3e4-2f01-40ce-bb36-c9f1f8b420a1,1995,Worker1,19790.09033203125,19813.001220703125,0,19790
af4db3e4-2f01-40ce-bb36-c9f1f8b420a1,1996,Worker1,19796.09716796875,19805.001220703125,0,19796
af4db3e4-2f01-40ce-bb36-c9f1f8b420a1,1997,Worker1,19813.250244140625,19824.001220703125,0,19813
af4db3e4-2f01-40ce-bb36-c9f1f8b420a1,1998,Worker1,19815.122314453125,19824.001220703125,0,19815
af4db3e4-2f01-40ce-bb36-c9f1f8b420a1,1999,Worker1,19823.26025390625,19835.001220703125,0,19823
af4db3e4-2f01-40ce-bb36-c9f1f8b420a1,2000,Worker1,19845.211181640625,19857.001220703125,0,19845
af4db3e4-2f01-40ce-bb36-c9f1f8b420a1,2001,Worker1,19848.126220703125,19861.001220703125,0,19848
af4db3e4-2f01-40ce-bb36-c9f1f8b420a1,2002,Worker1,19857.103271484375,19871.001220703125,0,19857
af4db3e4-2f01-40ce-bb36-c9f1f8b420a1,2003,Worker1,19863.108154296875,19893.001220703125,0,19863
af4db3e4-2f01-40ce-bb36-c9f1f8b420a1,2004,Worker1,19867.115234375,19894.001220703125,0,19867
af4db3e4-2f01-40ce-bb36-c9f1f8b420a1,2005,Worker1,19869.107177734375,19884.001220703125,0,19869
af4db3e4-2f01-40ce-bb36-c9f1f8b420a1,2006,Worker1,19877.15625,19888.001220703125,0,19877
af4db3e4-2f01-40ce-bb36-c9f1f8b420a1,2007,Worker1,19899.273193359375,19913.001220703125,0,19899
af4db3e4-2f01-40ce-bb36-c9f1f8b420a1,2008,Worker1,19913.236328125,19927.001220703125,0,19913
af4db3e4-2f01-40ce-bb36-c9f1f8b420a1,2009,Worker1,19914.104248046875,19942.001220703125,0,19914
af4db3e4-2f01-40ce-bb36-c9f1f8b420a1,2010,Worker1,19920.29931640625,19935.001220703125,0,19920
af4db3e4-2f01-40ce-bb36-c9f1f8b420a1,2011,Worker1,19938.234130859375,19951.001220703125,0,19938
af4db3e4-2f01-40ce-bb36-c9f1f8b420a1,2012,Worker1,19940.111328125,19950.001220703125,0,19940
af4db3e4-2f01-40ce-bb36-c9f1f8b420a1,2013,Worker1,19940.125244140625,19954.001220703125,0,19940
af4db3e4-2f01-40ce-bb36-c9f1f8b420a1,2014,Worker1,19963.106201171875,19977.001220703125,0,19963
af4db3e4-2f01-40ce-bb36-c9f1f8b420a1,2015,Worker1,19966.105224609375,19977.001220703125,0,19966
af4db3e4-2f01-40ce-bb36-c9f1f8b420a1,2016,Worker1,19967.101318359375,19993.001220703125,0,19967
af4db3e4-2f01-40ce-bb36-c9f1f8b420a1,2017,Worker1,19974.2001953125,19983.001220703125,0,19974
af4db3e4-2f01-40ce-bb36-c9f1f8b420a1,2018,Worker1,19992.22021484375,20004.001220703125,0,19992
af4db3e4-2f01-40ce-bb36-c9f1f8b420a1,2019,Worker1,20004.169189453125,20015.001220703125,0,20004
af4db3e4-2f01-40ce-bb36-c9f1f8b420a1,2020,Worker1,20012.247314453125,20025.001220703125,0,20012
af4db3e4-2f01-40ce-bb36-c9f1f8b420a1,2021,Worker1,20036.393310546875,20054.001220703125,0,20036
af4db3e4-2f01-40ce-bb36-c9f1f8b420a1,2022,Worker1,20039.109130859375,20062.001220703125,0,20039
af4db3e4-2f01-40ce-bb36-c9f1f8b420a1,2023,Worker1,20040.101318359375,20050.001220703125,0,20040
af4db3e4-2f01-40ce-bb36-c9f1f8b420a1,2024,Worker1,20047.253173828125,20058.001220703125,0,20047
af4db3e4-2f01-40ce-bb36-c9f1f8b420a1,2025,Worker1,20065.30126953125,20075.001220703125,0,20065
af4db3e4-2f01-40ce-bb36-c9f1f8b420a1,2026,Worker1,20067.109130859375,20094.001220703125,0,20067
af4db3e4-2f01-40ce-bb36-c9f1f8b420a1,2027,Worker1,20068.119140625,20077.001220703125,0,20068
af4db3e4-2f01-40ce-bb36-c9f1f8b420a1,2028,Worker1,20073.13916015625,20091.001220703125,0,20073
af4db3e4-2f01-40ce-bb36-c9f1f8b420a1,2029,Worker1,20076.109130859375,20089.001220703125,0,20076
af4db3e4-2f01-40ce-bb36-c9f1f8b420a1,2030,Worker1,20086.13525390625,20098.001220703125,0,20086
af4db3e4-2f01-40ce-bb36-c9f1f8b420a1,2031,Worker1,20135.277099609375,20162.001220703125,0,20135
af4db3e4-2f01-40ce-bb36-c9f1f8b420a1,2032,Worker1,20154.13525390625,20164.001220703125,0,20154
af4db3e4-2f01-40ce-bb36-c9f1f8b420a1,2033,Worker1,20166.213134765625,20179.001220703125,0,20166
af4db3e4-2f01-40ce-bb36-c9f1f8b420a1,2034,Worker1,20167.09423828125,20179.001220703125,0,20167
af4db3e4-2f01-40ce-bb36-c9f1f8b420a1,2035,Worker1,20193.32421875,20208.001220703125,0,20193
af4db3e4-2f01-40ce-bb36-c9f1f8b420a1,2036,Worker1,20196.38427734375,20209.001220703125,0,20196
af4db3e4-2f01-40ce-bb36-c9f1f8b420a1,2038,Worker1,20206.162109375,20216.001220703125,0,20206
af4db3e4-2f01-40ce-bb36-c9f1f8b420a1,2037,Worker1,20206.15625,20221.001220703125,0,20206
af4db3e4-2f01-40ce-bb36-c9f1f8b420a1,2039,Worker1,20226.310302734375,20280.001220703125,0,20226
af4db3e4-2f01-40ce-bb36-c9f1f8b420a1,2040,Worker1,20239.122314453125,20263.001220703125,0,20239
af4db3e4-2f01-40ce-bb36-c9f1f8b420a1,2041,Worker1,20248.352294921875,20261.001220703125,0,20248
af4db3e4-2f01-40ce-bb36-c9f1f8b420a1,2042,Worker1,20254.207275390625,20267.001220703125,0,20254
af4db3e4-2f01-40ce-bb36-c9f1f8b420a1,2043,Worker1,20257.115234375,20268.001220703125,0,20257
af4db3e4-2f01-40ce-bb36-c9f1f8b420a1,2044,Worker1,20259.111328125,20271.001220703125,0,20259
af4db3e4-2f01-40ce-bb36-c9f1f8b420a1,2045,Worker1,20266.102294921875,20281.001220703125,0,20266
af4db3e4-2f01-40ce-bb36-c9f1f8b420a1,2046,Worker1,20271.283203125,20283.001220703125,0,20271
af4db3e4-2f01-40ce-bb36-c9f1f8b420a1,2047,Worker1,20284.171142578125,20297.001220703125,0,20284
af4db3e4-2f01-40ce-bb36-c9f1f8b420a1,2048,Worker1,20293.26025390625,20304.001220703125,0,20293
af4db3e4-2f01-40ce-bb36-c9f1f8b420a1,2049,Worker1,20321.25830078125,20343.001220703125,0,20321
af4db3e4-2f01-40ce-bb36-c9f1f8b420a1,2050,Worker1,20325.30322265625,20338.001220703125,0,20325
af4db3e4-2f01-40ce-bb36-c9f1f8b420a1,2051,Worker1,20339.21728515625,20350.001220703125,0,20339
af4db3e4-2f01-40ce-bb36-c9f1f8b420a1,2052,Worker1,20340.09521484375,20360.001220703125,0,20340
af4db3e4-2f01-40ce-bb36-c9f1f8b420a1,2053,Worker1,20373.273193359375,20386.001220703125,0,20373
af4db3e4-2f01-40ce-bb36-c9f1f8b420a1,2054,Worker1,20377.14013671875,20389.001220703125,0,20377
af4db3e4-2f01-40ce-bb36-c9f1f8b420a1,2055,Worker1,20379.1142578125,20410.001220703125,0,20379
af4db3e4-2f01-40ce-bb36-c9f1f8b420a1,2056,Worker1,20387.2041015625,20401.001220703125,0,20387
af4db3e4-2f01-40ce-bb36-c9f1f8b420a1,2057,Worker1,20392.17431640625,20404.001220703125,0,20392
af4db3e4-2f01-40ce-bb36-c9f1f8b420a1,2058,Worker1,20395.1201171875,20406.001220703125,0,20395
af4db3e4-2f01-40ce-bb36-c9f1f8b420a1,2059,Worker1,20396.084228515625,20408.001220703125,0,20396
af4db3e4-2f01-40ce-bb36-c9f1f8b420a1,2060,Worker1,20402.168212890625,20423.001220703125,0,20402
af4db3e4-2f01-40ce-bb36-c9f1f8b420a1,2061,Worker1,20406.127197265625,20419.001220703125,0,20406
af4db3e4-2f01-40ce-bb36-c9f1f8b420a1,2063,Worker1,20418.22412109375,20429.001220703125,0,20418
af4db3e4-2f01-40ce-bb36-c9f1f8b420a1,2062,Worker1,20418.392333984375,20431.001220703125,0,20418
af4db3e4-2f01-40ce-bb36-c9f1f8b420a1,2064,Worker1,20441.108154296875,20464.001220703125,0,20441
af4db3e4-2f01-40ce-bb36-c9f1f8b420a1,2065,Worker1,20455.1982421875,20468.001220703125,0,20455
af4db3e4-2f01-40ce-bb36-c9f1f8b420a1,2066,Worker1,20465.255126953125,20477.001220703125,0,20465
af4db3e4-2f01-40ce-bb36-c9f1f8b420a1,2067,Worker1,20504.275146484375,20516.001220703125,0,20504
af4db3e4-2f01-40ce-bb36-c9f1f8b420a1,2068,Worker1,20508.104248046875,20518.001220703125,0,20508
af4db3e4-2f01-40ce-bb36-c9f1f8b420a1,2069,Worker1,20520.126220703125,20534.001220703125,0,20520
af4db3e4-2f01-40ce-bb36-c9f1f8b420a1,2070,Worker1,20528.3232421875,20544.001220703125,0,20528
af4db3e4-2f01-40ce-bb36-c9f1f8b420a1,2071,Worker1,20533.209228515625,20555.001220703125,0,20533
af4db3e4-2f01-40ce-bb36-c9f1f8b420a1,2072,Worker1,20536.1171875,20548.001220703125,0,20536
af4db3e4-2f01-40ce-bb36-c9f1f8b420a1,2073,Worker1,20546.17431640625,20559.001220703125,0,20546
af4db3e4-2f01-40ce-bb36-c9f1f8b420a1,2074,Worker1,20553.19921875,20565.001220703125,0,20553
af4db3e4-2f01-40ce-bb36-c9f1f8b420a1,2075,Worker1,20557.213134765625,20570.001220703125,0,20557
af4db3e4-2f01-40ce-bb36-c9f1f8b420a1,2076,Worker1,20569.30322265625,20583.001220703125,0,20569
af4db3e4-2f01-40ce-bb36-c9f1f8b420a1,2077,Worker1,20570.09912109375,20582.001220703125,0,20570
af4db3e4-2f01-40ce-bb36-c9f1f8b420a1,2078,Worker1,20595.22216796875,20607.001220703125,0,20595
af4db3e4-2f01-40ce-bb36-c9f1f8b420a1,2079,Worker1,20598.109130859375,20609.001220703125,0,20598
af4db3e4-2f01-40ce-bb36-c9f1f8b420a1,2080,Worker1,20608.09716796875,20625.001220703125,0,20608
af4db3e4-2f01-40ce-bb36-c9f1f8b420a1,2081,Worker1,20663.279296875,20677.001220703125,0,20663
af4db3e4-2f01-40ce-bb36-c9f1f8b420a1,2082,Worker1,20667.226318359375,20681.001220703125,0,20667
af4db3e4-2f01-40ce-bb36-c9f1f8b420a1,2083,Worker1,20680.2431640625,20695.001220703125,0,20680
af4db3e4-2f01-40ce-bb36-c9f1f8b420a1,2084,Worker1,20688.142333984375,20702.001220703125,0,20688
af4db3e4-2f01-40ce-bb36-c9f1f8b420a1,2085,Worker1,20714.163330078125,20732.001220703125,0,20714
af4db3e4-2f01-40ce-bb36-c9f1f8b420a1,2086,Worker1,20717.1162109375,20731.001220703125,0,20717
af4db3e4-2f01-40ce-bb36-c9f1f8b420a1,2087,Worker1,20719.107177734375,20730.001220703125,0,20719
af4db3e4-2f01-40ce-bb36-c9f1f8b420a1,2088,Worker1,20726.123291015625,20737.001220703125,0,20726
af4db3e4-2f01-40ce-bb36-c9f1f8b420a1,2089,Worker1,20730.13720703125,20741.001220703125,0,20730
af4db3e4-2f01-40ce-bb36-c9f1f8b420a1,2090,Worker1,20733.250244140625,20752.001220703125,0,20733
af4db3e4-2f01-40ce-bb36-c9f1f8b420a1,2091,Worker1,20734.09326171875,20746.001220703125,0,20734
af4db3e4-2f01-40ce-bb36-c9f1f8b420a1,2092,Worker1,20740.205322265625,20753.001220703125,0,20740
af4db3e4-2f01-40ce-bb36-c9f1f8b420a1,2093,Worker1,20743.2841796875,20764.001220703125,0,20743
af4db3e4-2f01-40ce-bb36-c9f1f8b420a1,2094,Worker1,20745.09033203125,20762.001220703125,0,20745
af4db3e4-2f01-40ce-bb36-c9f1f8b420a1,2095,Worker1,20752.214111328125,20767.001220703125,0,20752
af4db3e4-2f01-40ce-bb36-c9f1f8b420a1,2096,Worker1,20773.254150390625,20785.001220703125,0,20773
af4db3e4-2f01-40ce-bb36-c9f1f8b420a1,2097,Worker1,20776.131103515625,20791.001220703125,0,20776
af4db3e4-2f01-40ce-bb36-c9f1f8b420a1,2098,Worker1,20777.106201171875,20804.001220703125,0,20777
af4db3e4-2f01-40ce-bb36-c9f1f8b420a1,2099,Worker1,20783.205322265625,20800.001220703125,0,20783
af4db3e4-2f01-40ce-bb36-c9f1f8b420a1,2100,Worker1,20787.122314453125,20811.001220703125,0,20787
af4db3e4-2f01-40ce-bb36-c9f1f8b420a1,2101,Worker1,20798.128173828125,20811.001220703125,0,20798
af4db3e4-2f01-40ce-bb36-c9f1f8b420a1,2102,Worker1,20798.145263671875,20810.001220703125,0,20798
af4db3e4-2f01-40ce-bb36-c9f1f8b420a1,2103,Worker1,20819.269287109375,20838.001220703125,0,20819
af4db3e4-2f01-40ce-bb36-c9f1f8b420a1,2104,Worker1,20832.29833984375,20854.001220703125,0,20832
af4db3e4-2f01-40ce-bb36-c9f1f8b420a1,2105,Worker1,20841.107177734375,20854.001220703125,0,20841
af4db3e4-2f01-40ce-bb36-c9f1f8b420a1,2106,Worker1,20847.184326171875,20860.001220703125,0,20847
af4db3e4-2f01-40ce-bb36-c9f1f8b420a1,2107,Worker1,20851.19921875,20862.001220703125,0,20851
af4db3e4-2f01-40ce-bb36-c9f1f8b420a1,2108,Worker1,20853.121337890625,20865.001220703125,0,20853
af4db3e4-2f01-40ce-bb36-c9f1f8b420a1,2109,Worker1,20861.21533203125,20875.001220703125,0,20861
af4db3e4-2f01-40ce-bb36-c9f1f8b420a1,2110,Worker1,20883.269287109375,20893.001220703125,0,20883
af4db3e4-2f01-40ce-bb36-c9f1f8b420a1,2111,Worker1,20886.122314453125,20898.001220703125,0,20886
af4db3e4-2f01-40ce-bb36-c9f1f8b420a1,2112,Worker1,20887.089111328125,20902.001220703125,0,20887
af4db3e4-2f01-40ce-bb36-c9f1f8b420a1,2113,Worker1,20920.21728515625,20936.001220703125,0,20920
af4db3e4-2f01-40ce-bb36-c9f1f8b420a1,2114,Worker1,20924.185302734375,20935.001220703125,0,20924
af4db3e4-2f01-40ce-bb36-c9f1f8b420a1,2115,Worker1,20926.34521484375,20937.001220703125,0,20926
af4db3e4-2f01-40ce-bb36-c9f1f8b420a1,2116,Worker1,20926.100341796875,20940.001220703125,0,20926
af4db3e4-2f01-40ce-bb36-c9f1f8b420a1,2117,Worker1,20949.15625,20995.001220703125,0,20949
af4db3e4-2f01-40ce-bb36-c9f1f8b420a1,2118,Worker1,20963.29931640625,20975.001220703125,0,20963
af4db3e4-2f01-40ce-bb36-c9f1f8b420a1,2119,Worker1,20973.336181640625,20986.001220703125,0,20973
af4db3e4-2f01-40ce-bb36-c9f1f8b420a1,2120,Worker1,20979.18310546875,20989.001220703125,0,20979
af4db3e4-2f01-40ce-bb36-c9f1f8b420a1,2121,Worker1,20997.22216796875,21011.001220703125,0,20997
af4db3e4-2f01-40ce-bb36-c9f1f8b420a1,2122,Worker1,20999.108154296875,21012.001220703125,0,20999
af4db3e4-2f01-40ce-bb36-c9f1f8b420a1,2123,Worker1,21007.14111328125,21016.001220703125,0,21007
af4db3e4-2f01-40ce-bb36-c9f1f8b420a1,2124,Worker1,21031.26220703125,21044.001220703125,0,21031
af4db3e4-2f01-40ce-bb36-c9f1f8b420a1,2125,Worker1,21045.34716796875,21059.001220703125,0,21045
af4db3e4-2f01-40ce-bb36-c9f1f8b420a1,2126,Worker1,21046.09814453125,21058.001220703125,0,21046
af4db3e4-2f01-40ce-bb36-c9f1f8b420a1,2127,Worker1,21052.228271484375,21064.001220703125,0,21052
af4db3e4-2f01-40ce-bb36-c9f1f8b420a1,2128,Worker1,21070.123291015625,21109.001220703125,0,21070
af4db3e4-2f01-40ce-bb36-c9f1f8b420a1,2129,Worker1,21072.111328125,21083.001220703125,0,21072
af4db3e4-2f01-40ce-bb36-c9f1f8b420a1,2130,Worker1,21073.102294921875,21085.001220703125,0,21073
af4db3e4-2f01-40ce-bb36-c9f1f8b420a1,2131,Worker1,21078.1572265625,21090.001220703125,0,21078
af4db3e4-2f01-40ce-bb36-c9f1f8b420a1,2132,Worker1,21081.111328125,21104.001220703125,0,21081
af4db3e4-2f01-40ce-bb36-c9f1f8b420a1,2133,Worker1,21091.1201171875,21101.001220703125,0,21091
af4db3e4-2f01-40ce-bb36-c9f1f8b420a1,2134,Worker1,21098.203125,21134.001220703125,0,21098
af4db3e4-2f01-40ce-bb36-c9f1f8b420a1,2135,Worker1,21102.26025390625,21113.001220703125,0,21102
af4db3e4-2f01-40ce-bb36-c9f1f8b420a1,2136,Worker1,21104.110107421875,21115.001220703125,0,21104
af4db3e4-2f01-40ce-bb36-c9f1f8b420a1,2137,Worker1,21112.21923828125,21123.001220703125,0,21112
af4db3e4-2f01-40ce-bb36-c9f1f8b420a1,2138,Worker1,21138.26025390625,21152.001220703125,0,21138
af4db3e4-2f01-40ce-bb36-c9f1f8b420a1,2139,Worker1,21141.317138671875,21156.001220703125,0,21141
af4db3e4-2f01-40ce-bb36-c9f1f8b420a1,2140,Worker1,21151.208251953125,21165.001220703125,0,21151
af4db3e4-2f01-40ce-bb36-c9f1f8b420a1,2141,Worker1,21238.225341796875,21251.001220703125,0,21238
af4db3e4-2f01-40ce-bb36-c9f1f8b420a1,2142,Worker1,21257.2041015625,21270.001220703125,0,21257
af4db3e4-2f01-40ce-bb36-c9f1f8b420a1,2143,Worker1,21270.1982421875,21283.001220703125,0,21270
af4db3e4-2f01-40ce-bb36-c9f1f8b420a1,2144,Worker1,21271.107177734375,21281.001220703125,0,21271
af4db3e4-2f01-40ce-bb36-c9f1f8b420a1,2145,Worker1,21277.236328125,21290.001220703125,0,21277
af4db3e4-2f01-40ce-bb36-c9f1f8b420a1,2146,Worker1,21292.3291015625,21303.001220703125,0,21292
af4db3e4-2f01-40ce-bb36-c9f1f8b420a1,2147,Worker1,21303.273193359375,21323.001220703125,0,21303
af4db3e4-2f01-40ce-bb36-c9f1f8b420a1,2148,Worker1,21310.189208984375,21334.001220703125,0,21310
af4db3e4-2f01-40ce-bb36-c9f1f8b420a1,2149,Worker1,21315.205322265625,21324.001220703125,0,21315
af4db3e4-2f01-40ce-bb36-c9f1f8b420a1,2150,Worker1,21328.334228515625,21341.001220703125,0,21328
af4db3e4-2f01-40ce-bb36-c9f1f8b420a1,2151,Worker1,21337.169189453125,21349.001220703125,0,21337
af4db3e4-2f01-40ce-bb36-c9f1f8b420a1,2152,Worker1,21343.1142578125,21355.001220703125,0,21343
af4db3e4-2f01-40ce-bb36-c9f1f8b420a1,2153,Worker1,21347.271240234375,21357.001220703125,0,21347
af4db3e4-2f01-40ce-bb36-c9f1f8b420a1,2154,Worker1,21358.172119140625,21375.001220703125,0,21358
af4db3e4-2f01-40ce-bb36-c9f1f8b420a1,2155,Worker1,21365.225341796875,21377.001220703125,0,21365
af4db3e4-2f01-40ce-bb36-c9f1f8b420a1,2156,Worker1,21370.230224609375,21381.001220703125,0,21370
af4db3e4-2f01-40ce-bb36-c9f1f8b420a1,2157,Worker1,21373.111328125,21385.001220703125,0,21373
af4db3e4-2f01-40ce-bb36-c9f1f8b420a1,2158,Worker1,21382.169189453125,21416.001220703125,0,21382
af4db3e4-2f01-40ce-bb36-c9f1f8b420a1,2159,Worker1,21412.208251953125,21424.001220703125,0,21412
af4db3e4-2f01-40ce-bb36-c9f1f8b420a1,2160,Worker1,21416.101318359375,21426.001220703125,0,21416
af4db3e4-2f01-40ce-bb36-c9f1f8b420a1,2161,Worker1,21418.111328125,21430.001220703125,0,21418
af4db3e4-2f01-40ce-bb36-c9f1f8b420a1,2162,Worker1,21425.249267578125,21439.001220703125,0,21425
af4db3e4-2f01-40ce-bb36-c9f1f8b420a1,2163,Worker1,21430.17333984375,21444.001220703125,0,21430
af4db3e4-2f01-40ce-bb36-c9f1f8b420a1,2164,Worker1,21443.250244140625,21455.001220703125,0,21443
af4db3e4-2f01-40ce-bb36-c9f1f8b420a1,2165,Worker1,21452.29833984375,21463.001220703125,0,21452
af4db3e4-2f01-40ce-bb36-c9f1f8b420a1,2166,Worker1,21484.251220703125,21499.001220703125,0,21484
af4db3e4-2f01-40ce-bb36-c9f1f8b420a1,2167,Worker1,21501.226318359375,21514.001220703125,0,21501
af4db3e4-2f01-40ce-bb36-c9f1f8b420a1,2168,Worker1,21512.26611328125,21522.001220703125,0,21512
af4db3e4-2f01-40ce-bb36-c9f1f8b420a1,2169,Worker1,21512.4453125,21528.001220703125,0,21512
af4db3e4-2f01-40ce-bb36-c9f1f8b420a1,2170,Worker1,21535.3671875,21547.001220703125,0,21535
af4db3e4-2f01-40ce-bb36-c9f1f8b420a1,2171,Worker1,21538.240234375,21549.001220703125,0,21538
af4db3e4-2f01-40ce-bb36-c9f1f8b420a1,2172,Worker1,21547.21923828125,21559.001220703125,0,21547
af4db3e4-2f01-40ce-bb36-c9f1f8b420a1,2173,Worker1,21553.25830078125,21564.001220703125,0,21553
af4db3e4-2f01-40ce-bb36-c9f1f8b420a1,2174,Worker1,21557.29931640625,21570.001220703125,0,21557
af4db3e4-2f01-40ce-bb36-c9f1f8b420a1,2175,Worker1,21569.187255859375,21580.001220703125,0,21569
af4db3e4-2f01-40ce-bb36-c9f1f8b420a1,2176,Worker1,21569.17724609375,21645.001220703125,0,21569
af4db3e4-2f01-40ce-bb36-c9f1f8b420a1,2177,Worker1,21592.1943359375,21603.001220703125,0,21592
af4db3e4-2f01-40ce-bb36-c9f1f8b420a1,2178,Worker1,21606.13427734375,21619.001220703125,0,21606
af4db3e4-2f01-40ce-bb36-c9f1f8b420a1,2179,Worker1,21616.18115234375,21628.001220703125,0,21616
af4db3e4-2f01-40ce-bb36-c9f1f8b420a1,2180,Worker1,21622.17333984375,21633.001220703125,0,21622
af4db3e4-2f01-40ce-bb36-c9f1f8b420a1,2181,Worker1,21626.192138671875,21638.001220703125,0,21626
af4db3e4-2f01-40ce-bb36-c9f1f8b420a1,2182,Worker1,21628.1171875,21641.001220703125,0,21628
af4db3e4-2f01-40ce-bb36-c9f1f8b420a1,2183,Worker1,21629.09033203125,21641.001220703125,0,21629
af4db3e4-2f01-40ce-bb36-c9f1f8b420a1,2184,Worker1,21634.290283203125,21645.001220703125,0,21634
af4db3e4-2f01-40ce-bb36-c9f1f8b420a1,2185,Worker1,21637.381103515625,21649.001220703125,0,21637
af4db3e4-2f01-40ce-bb36-c9f1f8b420a1,2186,Worker1,21647.100341796875,21665.001220703125,0,21647
af4db3e4-2f01-40ce-bb36-c9f1f8b420a1,2187,Worker1,21654.211181640625,21672.001220703125,0,21654
af4db3e4-2f01-40ce-bb36-c9f1f8b420a1,2188,Worker1,21658.1611328125,21670.001220703125,0,21658
af4db3e4-2f01-40ce-bb36-c9f1f8b420a1,2189,Worker1,21670.2001953125,21693.001220703125,0,21670
af4db3e4-2f01-40ce-bb36-c9f1f8b420a1,2190,Worker1,21678.102294921875,21703.001220703125,0,21678
af4db3e4-2f01-40ce-bb36-c9f1f8b420a1,2191,Worker1,21683.09912109375,21696.001220703125,0,21683
af4db3e4-2f01-40ce-bb36-c9f1f8b420a1,2192,Worker1,21686.101318359375,21697.001220703125,0,21686
af4db3e4-2f01-40ce-bb36-c9f1f8b420a1,2193,Worker1,21687.09814453125,21699.001220703125,0,21687
af4db3e4-2f01-40ce-bb36-c9f1f8b420a1,2194,Worker1,21694.111328125,21706.001220703125,0,21694
af4db3e4-2f01-40ce-bb36-c9f1f8b420a1,2195,Worker1,21698.17822265625,21723.001220703125,0,21698
af4db3e4-2f01-40ce-bb36-c9f1f8b420a1,2196,Worker1,21710.297119140625,21722.001220703125,0,21710
af4db3e4-2f01-40ce-bb36-c9f1f8b420a1,2197,Worker1,21711.09326171875,21725.001220703125,0,21711
af4db3e4-2f01-40ce-bb36-c9f1f8b420a1,2198,Worker1,21737.270263671875,21748.001220703125,0,21737
af4db3e4-2f01-40ce-bb36-c9f1f8b420a1,2199,Worker1,21740.109130859375,21761.001220703125,0,21740
af4db3e4-2f01-40ce-bb36-c9f1f8b420a1,2200,Worker1,21750.13232421875,21763.001220703125,0,21750
af4db3e4-2f01-40ce-bb36-c9f1f8b420a1,2201,Worker1,21750.295166015625,21764.001220703125,0,21750
af4db3e4-2f01-40ce-bb36-c9f1f8b420a1,2202,Worker1,21754.18212890625,21780.001220703125,0,21754
af4db3e4-2f01-40ce-bb36-c9f1f8b420a1,2203,Worker1,21756.1181640625,21768.001220703125,0,21756
af4db3e4-2f01-40ce-bb36-c9f1f8b420a1,2204,Worker1,21765.1943359375,21776.001220703125,0,21765
af4db3e4-2f01-40ce-bb36-c9f1f8b420a1,2205,Worker1,21771.13623046875,21797.001220703125,0,21771
af4db3e4-2f01-40ce-bb36-c9f1f8b420a1,2206,Worker1,21774.115234375,21787.001220703125,0,21774
af4db3e4-2f01-40ce-bb36-c9f1f8b420a1,2207,Worker1,21777.209228515625,21789.001220703125,0,21777
af4db3e4-2f01-40ce-bb36-c9f1f8b420a1,2208,Worker1,21786.105224609375,21796.001220703125,0,21786
af4db3e4-2f01-40ce-bb36-c9f1f8b420a1,2209,Worker1,21816.184326171875,21828.001220703125,0,21816
af4db3e4-2f01-40ce-bb36-c9f1f8b420a1,2210,Worker1,21833.209228515625,21844.001220703125,0,21833
af4db3e4-2f01-40ce-bb36-c9f1f8b420a1,2211,Worker1,21835.111328125,21848.001220703125,0,21835
af4db3e4-2f01-40ce-bb36-c9f1f8b420a1,2212,Worker1,21842.131103515625,21864.001220703125,0,21842
af4db3e4-2f01-40ce-bb36-c9f1f8b420a1,2213,Worker1,21864.158203125,21887.001220703125,0,21864
af4db3e4-2f01-40ce-bb36-c9f1f8b420a1,2214,Worker1,21867.19921875,21879.001220703125,0,21867
af4db3e4-2f01-40ce-bb36-c9f1f8b420a1,2215,Worker1,21876.2001953125,21902.001220703125,0,21876
af4db3e4-2f01-40ce-bb36-c9f1f8b420a1,2216,Worker1,21882.234130859375,21895.001220703125,0,21882
af4db3e4-2f01-40ce-bb36-c9f1f8b420a1,2217,Worker1,21899.21728515625,21912.001220703125,0,21899
af4db3e4-2f01-40ce-bb36-c9f1f8b420a1,2218,Worker1,21901.108154296875,21914.001220703125,0,21901
af4db3e4-2f01-40ce-bb36-c9f1f8b420a1,2219,Worker1,21909.13623046875,21920.001220703125,0,21909
af4db3e4-2f01-40ce-bb36-c9f1f8b420a1,2220,Worker1,21914.144287109375,21929.001220703125,0,21914
af4db3e4-2f01-40ce-bb36-c9f1f8b420a1,2221,Worker1,21917.2392578125,21940.001220703125,0,21917
af4db3e4-2f01-40ce-bb36-c9f1f8b420a1,2222,Worker1,21918.09033203125,21932.001220703125,0,21918
af4db3e4-2f01-40ce-bb36-c9f1f8b420a1,2223,Worker1,21924.102294921875,21936.001220703125,0,21924
af4db3e4-2f01-40ce-bb36-c9f1f8b420a1,2224,Worker1,21941.129150390625,21964.001220703125,0,21941
af4db3e4-2f01-40ce-bb36-c9f1f8b420a1,2225,Worker1,21953.17333984375,21968.001220703125,0,21953
af4db3e4-2f01-40ce-bb36-c9f1f8b420a1,2226,Worker1,21953.34423828125,21965.001220703125,0,21953
af4db3e4-2f01-40ce-bb36-c9f1f8b420a1,2227,Worker1,21976.122314453125,21988.001220703125,0,21976
af4db3e4-2f01-40ce-bb36-c9f1f8b420a1,2228,Worker1,21991.21728515625,22017.001220703125,0,21991
af4db3e4-2f01-40ce-bb36-c9f1f8b420a1,2229,Worker1,22001.184326171875,22011.001220703125,0,22001
af4db3e4-2f01-40ce-bb36-c9f1f8b420a1,2230,Worker1,22008.208251953125,22018.001220703125,0,22008
af4db3e4-2f01-40ce-bb36-c9f1f8b420a1,2231,Worker1,22026.32421875,22039.001220703125,0,22026
af4db3e4-2f01-40ce-bb36-c9f1f8b420a1,2232,Worker1,22038.13525390625,22049.001220703125,0,22038
af4db3e4-2f01-40ce-bb36-c9f1f8b420a1,2233,Worker1,22046.230224609375,22069.001220703125,0,22046
af4db3e4-2f01-40ce-bb36-c9f1f8b420a1,2234,Worker1,22071.165283203125,22086.001220703125,0,22071
af4db3e4-2f01-40ce-bb36-c9f1f8b420a1,2235,Worker1,22086.269287109375,22103.001220703125,0,22086
af4db3e4-2f01-40ce-bb36-c9f1f8b420a1,2236,Worker1,22087.09033203125,22098.001220703125,0,22087
af4db3e4-2f01-40ce-bb36-c9f1f8b420a1,2237,Worker1,22094.267333984375,22113.001220703125,0,22094
af4db3e4-2f01-40ce-bb36-c9f1f8b420a1,2238,Worker1,22098.267333984375,22110.001220703125,0,22098
af4db3e4-2f01-40ce-bb36-c9f1f8b420a1,2239,Worker1,22110.152099609375,22123.001220703125,0,22110
af4db3e4-2f01-40ce-bb36-c9f1f8b420a1,2240,Worker1,22111.103271484375,22123.001220703125,0,22111
af4db3e4-2f01-40ce-bb36-c9f1f8b420a1,2241,Worker1,22136.18212890625,22149.001220703125,0,22136
af4db3e4-2f01-40ce-bb36-c9f1f8b420a1,2242,Worker1,22139.1123046875,22177.001220703125,0,22139
af4db3e4-2f01-40ce-bb36-c9f1f8b420a1,2243,Worker1,22140.111328125,22163.001220703125,0,22140
af4db3e4-2f01-40ce-bb36-c9f1f8b420a1,2244,Worker1,22147.13916015625,22161.001220703125,0,22147
af4db3e4-2f01-40ce-bb36-c9f1f8b420a1,2245,Worker1,22151.17431640625,22168.001220703125,0,22151
af4db3e4-2f01-40ce-bb36-c9f1f8b420a1,2246,Worker1,22153.107177734375,22164.001220703125,0,22153
af4db3e4-2f01-40ce-bb36-c9f1f8b420a1,2247,Worker1,22154.108154296875,22172.001220703125,0,22154
af4db3e4-2f01-40ce-bb36-c9f1f8b420a1,2248,Worker1,22160.103271484375,22183.001220703125,0,22160
af4db3e4-2f01-40ce-bb36-c9f1f8b420a1,2249,Worker1,22176.26318359375,22188.001220703125,0,22176
af4db3e4-2f01-40ce-bb36-c9f1f8b420a1,2250,Worker1,22186.3212890625,22199.001220703125,0,22186
af4db3e4-2f01-40ce-bb36-c9f1f8b420a1,2251,Worker1,22193.225341796875,22205.001220703125,0,22193
af4db3e4-2f01-40ce-bb36-c9f1f8b420a1,2252,Worker1,22213.416259765625,22226.001220703125,0,22213
af4db3e4-2f01-40ce-bb36-c9f1f8b420a1,2253,Worker1,22226.211181640625,22240.001220703125,0,22226
af4db3e4-2f01-40ce-bb36-c9f1f8b420a1,2254,Worker1,22227.107177734375,22239.001220703125,0,22227
af4db3e4-2f01-40ce-bb36-c9f1f8b420a1,2255,Worker1,22233.2392578125,22248.001220703125,0,22233
af4db3e4-2f01-40ce-bb36-c9f1f8b420a1,2256,Worker1,22237.374267578125,22249.001220703125,0,22237
af4db3e4-2f01-40ce-bb36-c9f1f8b420a1,2257,Worker1,22248.30615234375,22259.001220703125,0,22248
af4db3e4-2f01-40ce-bb36-c9f1f8b420a1,2258,Worker1,22255.288330078125,22266.001220703125,0,22255
af4db3e4-2f01-40ce-bb36-c9f1f8b420a1,2259,Worker1,22276.150146484375,22295.001220703125,0,22276
af4db3e4-2f01-40ce-bb36-c9f1f8b420a1,2260,Worker1,22279.254150390625,22291.001220703125,0,22279
af4db3e4-2f01-40ce-bb36-c9f1f8b420a1,2261,Worker1,22280.111328125,22293.001220703125,0,22280
af4db3e4-2f01-40ce-bb36-c9f1f8b420a1,2262,Worker1,22310.13720703125,22323.001220703125,0,22310
af4db3e4-2f01-40ce-bb36-c9f1f8b420a1,2263,Worker1,22326.210205078125,22339.001220703125,0,22326
af4db3e4-2f01-40ce-bb36-c9f1f8b420a1,2264,Worker1,22328.102294921875,22341.001220703125,0,22328
af4db3e4-2f01-40ce-bb36-c9f1f8b420a1,2265,Worker1,22328.322265625,22338.001220703125,0,22328
af4db3e4-2f01-40ce-bb36-c9f1f8b420a1,2266,Worker1,22333.276123046875,22350.001220703125,0,22333
af4db3e4-2f01-40ce-bb36-c9f1f8b420a1,2267,Worker1,22346.249267578125,22358.001220703125,0,22346
af4db3e4-2f01-40ce-bb36-c9f1f8b420a1,2268,Worker1,22347.103271484375,22359.001220703125,0,22347
af4db3e4-2f01-40ce-bb36-c9f1f8b420a1,2269,Worker1,22353.271240234375,22366.001220703125,0,22353
af4db3e4-2f01-40ce-bb36-c9f1f8b420a1,2270,Worker1,22357.15625,22369.001220703125,0,22357
af4db3e4-2f01-40ce-bb36-c9f1f8b420a1,2271,Worker1,22359.110107421875,22371.001220703125,0,22359
af4db3e4-2f01-40ce-bb36-c9f1f8b420a1,2272,Worker1,22367.152099609375,22384.001220703125,0,22367
af4db3e4-2f01-40ce-bb36-c9f1f8b420a1,2273,Worker1,22389.2421875,22406.001220703125,0,22389
af4db3e4-2f01-40ce-bb36-c9f1f8b420a1,2274,Worker1,22403.269287109375,22417.001220703125,0,22403
af4db3e4-2f01-40ce-bb36-c9f1f8b420a1,2275,Worker1,22404.106201171875,22415.001220703125,0,22404
af4db3e4-2f01-40ce-bb36-c9f1f8b420a1,2276,Worker1,22437.4052734375,22448.001220703125,0,22437
af4db3e4-2f01-40ce-bb36-c9f1f8b420a1,2277,Worker1,22454.227294921875,22465.001220703125,0,22454
af4db3e4-2f01-40ce-bb36-c9f1f8b420a1,2278,Worker1,22466.188232421875,22476.001220703125,0,22466
af4db3e4-2f01-40ce-bb36-c9f1f8b420a1,2279,Worker1,22474.3251953125,22486.001220703125,0,22474
af4db3e4-2f01-40ce-bb36-c9f1f8b420a1,2280,Worker1,22497.232177734375,22510.001220703125,0,22497
af4db3e4-2f01-40ce-bb36-c9f1f8b420a1,2281,Worker1,22500.240234375,22511.001220703125,0,22500
af4db3e4-2f01-40ce-bb36-c9f1f8b420a1,2282,Worker1,22501.105224609375,22512.001220703125,0,22501
af4db3e4-2f01-40ce-bb36-c9f1f8b420a1,2283,Worker1,22536.34033203125,22547.001220703125,0,22536
af4db3e4-2f01-40ce-bb36-c9f1f8b420a1,2284,Worker1,22540.244140625,22563.001220703125,0,22540
af4db3e4-2f01-40ce-bb36-c9f1f8b420a1,2285,Worker1,22552.186279296875,22564.001220703125,0,22552
af4db3e4-2f01-40ce-bb36-c9f1f8b420a1,2286,Worker1,22560.1123046875,22570.001220703125,0,22560
af4db3e4-2f01-40ce-bb36-c9f1f8b420a1,2287,Worker1,22565.227294921875,22575.001220703125,0,22565
af4db3e4-2f01-40ce-bb36-c9f1f8b420a1,2288,Worker1,22568.190185546875,22578.001220703125,0,22568
af4db3e4-2f01-40ce-bb36-c9f1f8b420a1,2289,Worker1,22569.09814453125,22583.001220703125,0,22569
af4db3e4-2f01-40ce-bb36-c9f1f8b420a1,2290,Worker1,22576.18017578125,22588.001220703125,0,22576
af4db3e4-2f01-40ce-bb36-c9f1f8b420a1,2291,Worker1,22594.127197265625,22608.001220703125,0,22594
af4db3e4-2f01-40ce-bb36-c9f1f8b420a1,2292,Worker1,22596.108154296875,22606.001220703125,0,22596
af4db3e4-2f01-40ce-bb36-c9f1f8b420a1,2293,Worker1,22604.1953125,22619.001220703125,0,22604
af4db3e4-2f01-40ce-bb36-c9f1f8b420a1,2294,Worker1,22629.253173828125,22641.001220703125,0,22629
af4db3e4-2f01-40ce-bb36-c9f1f8b420a1,2295,Worker1,22644.18310546875,22655.001220703125,0,22644
af4db3e4-2f01-40ce-bb36-c9f1f8b420a1,2296,Worker1,22654.170166015625,22667.001220703125,0,22654
af4db3e4-2f01-40ce-bb36-c9f1f8b420a1,2297,Worker1,22702.152099609375,22716.001220703125,0,22702
af4db3e4-2f01-40ce-bb36-c9f1f8b420a1,2298,Worker1,22721.09228515625,22731.001220703125,0,22721
af4db3e4-2f01-40ce-bb36-c9f1f8b420a1,2299,Worker1,22723.110107421875,22735.001220703125,0,22723
af4db3e4-2f01-40ce-bb36-c9f1f8b420a1,2300,Worker1,22731.23828125,22743.001220703125,0,22731
af4db3e4-2f01-40ce-bb36-c9f1f8b420a1,2301,Worker1,22756.17529296875,22770.001220703125,0,22756
af4db3e4-2f01-40ce-bb36-c9f1f8b420a1,2302,Worker1,22759.11328125,22771.001220703125,0,22759
af4db3e4-2f01-40ce-bb36-c9f1f8b420a1,2303,Worker1,22761.1943359375,22771.001220703125,0,22761
af4db3e4-2f01-40ce-bb36-c9f1f8b420a1,2304,Worker1,22768.1142578125,22781.001220703125,0,22768
af4db3e4-2f01-40ce-bb36-c9f1f8b420a1,2305,Worker1,22787.256103515625,22798.001220703125,0,22787
af4db3e4-2f01-40ce-bb36-c9f1f8b420a1,2306,Worker1,22789.131103515625,22813.001220703125,0,22789
af4db3e4-2f01-40ce-bb36-c9f1f8b420a1,2307,Worker1,22790.088134765625,22800.001220703125,0,22790
af4db3e4-2f01-40ce-bb36-c9f1f8b420a1,2308,Worker1,22816.148193359375,22826.001220703125,0,22816
af4db3e4-2f01-40ce-bb36-c9f1f8b420a1,2309,Worker1,22819.148193359375,22831.001220703125,0,22819
af4db3e4-2f01-40ce-bb36-c9f1f8b420a1,2310,Worker1,22829.1181640625,22839.001220703125,0,22829
af4db3e4-2f01-40ce-bb36-c9f1f8b420a1,2311,Worker1,22829.123291015625,22840.001220703125,0,22829
af4db3e4-2f01-40ce-bb36-c9f1f8b420a1,2312,Worker1,22834.236328125,22846.001220703125,0,22834
af4db3e4-2f01-40ce-bb36-c9f1f8b420a1,2313,Worker1,22837.26123046875,22847.001220703125,0,22837
af4db3e4-2f01-40ce-bb36-c9f1f8b420a1,2314,Worker1,22846.246337890625,22855.001220703125,0,22846
af4db3e4-2f01-40ce-bb36-c9f1f8b420a1,2315,Worker1,22875.351318359375,22900.001220703125,0,22875
af4db3e4-2f01-40ce-bb36-c9f1f8b420a1,2316,Worker1,22891.17724609375,22902.001220703125,0,22891
af4db3e4-2f01-40ce-bb36-c9f1f8b420a1,2317,Worker1,22893.102294921875,22906.001220703125,0,22893
af4db3e4-2f01-40ce-bb36-c9f1f8b420a1,2318,Worker1,22893.296142578125,22908.001220703125,0,22893
af4db3e4-2f01-40ce-bb36-c9f1f8b420a1,2319,Worker1,22914.166259765625,22926.001220703125,0,22914
af4db3e4-2f01-40ce-bb36-c9f1f8b420a1,2320,Worker1,22927.272216796875,22940.001220703125,0,22927
af4db3e4-2f01-40ce-bb36-c9f1f8b420a1,2321,Worker1,22928.09033203125,22939.001220703125,0,22928
af4db3e4-2f01-40ce-bb36-c9f1f8b420a1,2322,Worker1,22934.131103515625,22946.001220703125,0,22934
af4db3e4-2f01-40ce-bb36-c9f1f8b420a1,2323,Worker1,22950.232177734375,22980.001220703125,0,22950
af4db3e4-2f01-40ce-bb36-c9f1f8b420a1,2324,Worker1,22952.09814453125,22966.001220703125,0,22952
af4db3e4-2f01-40ce-bb36-c9f1f8b420a1,2325,Worker1,22959.0771484375,22980.001220703125,0,22959
af4db3e4-2f01-40ce-bb36-c9f1f8b420a1,2326,Worker1,22964.107177734375,22977.001220703125,0,22964
af4db3e4-2f01-40ce-bb36-c9f1f8b420a1,2327,Worker1,22967.1123046875,22979.001220703125,0,22967
af4db3e4-2f01-40ce-bb36-c9f1f8b420a1,2328,Worker1,22976.13916015625,22987.001220703125,0,22976
af4db3e4-2f01-40ce-bb36-c9f1f8b420a1,2329,Worker1,22982.205322265625,22999.001220703125,0,22982
af4db3e4-2f01-40ce-bb36-c9f1f8b420a1,2330,Worker1,22999.376220703125,23014.001220703125,0,22999
af4db3e4-2f01-40ce-bb36-c9f1f8b420a1,2331,Worker1,23001.09326171875,23013.001220703125,0,23001
af4db3e4-2f01-40ce-bb36-c9f1f8b420a1,2332,Worker1,23009.1171875,23020.001220703125,0,23009
af4db3e4-2f01-40ce-bb36-c9f1f8b420a1,2333,Worker1,23031.232177734375,23045.001220703125,0,23031
af4db3e4-2f01-40ce-bb36-c9f1f8b420a1,2334,Worker1,23034.123291015625,23048.001220703125,0,23034
af4db3e4-2f01-40ce-bb36-c9f1f8b420a1,2335,Worker1,23035.102294921875,23046.001220703125,0,23035
af4db3e4-2f01-40ce-bb36-c9f1f8b420a1,2336,Worker1,23041.228271484375,23063.001220703125,0,23041
af4db3e4-2f01-40ce-bb36-c9f1f8b420a1,2337,Worker1,23058.158203125,23071.001220703125,0,23058
af4db3e4-2f01-40ce-bb36-c9f1f8b420a1,2339,Worker1,23060.256103515625,23075.001220703125,0,23060
af4db3e4-2f01-40ce-bb36-c9f1f8b420a1,2338,Worker1,23060.101318359375,23072.001220703125,0,23060
af4db3e4-2f01-40ce-bb36-c9f1f8b420a1,2340,Worker1,23065.205322265625,23077.001220703125,0,23065
af4db3e4-2f01-40ce-bb36-c9f1f8b420a1,2341,Worker1,23079.15625,23092.001220703125,0,23079
af4db3e4-2f01-40ce-bb36-c9f1f8b420a1,2342,Worker1,23089.30810546875,23099.001220703125,0,23089
af4db3e4-2f01-40ce-bb36-c9f1f8b420a1,2343,Worker1,23128.1181640625,23137.001220703125,0,23128
af4db3e4-2f01-40ce-bb36-c9f1f8b420a1,2344,Worker1,23146.17333984375,23158.001220703125,0,23146
af4db3e4-2f01-40ce-bb36-c9f1f8b420a1,2345,Worker1,23148.105224609375,23165.001220703125,0,23148
af4db3e4-2f01-40ce-bb36-c9f1f8b420a1,2346,Worker1,23148.28125,23162.001220703125,0,23148
af4db3e4-2f01-40ce-bb36-c9f1f8b420a1,2347,Worker1,23153.248291015625,23165.001220703125,0,23153
af4db3e4-2f01-40ce-bb36-c9f1f8b420a1,2348,Worker1,23156.275146484375,23171.001220703125,0,23156
af4db3e4-2f01-40ce-bb36-c9f1f8b420a1,2349,Worker1,23166.125244140625,23179.001220703125,0,23166
af4db3e4-2f01-40ce-bb36-c9f1f8b420a1,2350,Worker1,23209.128173828125,23221.001220703125,0,23209
af4db3e4-2f01-40ce-bb36-c9f1f8b420a1,2351,Worker1,23227.295166015625,23238.001220703125,0,23227
af4db3e4-2f01-40ce-bb36-c9f1f8b420a1,2352,Worker1,23229.123291015625,23240.001220703125,0,23229
af4db3e4-2f01-40ce-bb36-c9f1f8b420a1,2353,Worker1,23237.230224609375,23247.001220703125,0,23237
af4db3e4-2f01-40ce-bb36-c9f1f8b420a1,2354,Worker1,23262.169189453125,23271.001220703125,0,23262
af4db3e4-2f01-40ce-bb36-c9f1f8b420a1,2355,Worker1,23277.371337890625,23295.001220703125,0,23277
af4db3e4-2f01-40ce-bb36-c9f1f8b420a1,2356,Worker1,23278.106201171875,23290.001220703125,0,23278
af4db3e4-2f01-40ce-bb36-c9f1f8b420a1,2357,Worker1,23285.129150390625,23295.001220703125,0,23285
af4db3e4-2f01-40ce-bb36-c9f1f8b420a1,2358,Worker1,23289.30615234375,23299.001220703125,0,23289
af4db3e4-2f01-40ce-bb36-c9f1f8b420a1,2359,Worker1,23291.110107421875,23304.001220703125,0,23291
af4db3e4-2f01-40ce-bb36-c9f1f8b420a1,2360,Worker1,23299.128173828125,23309.001220703125,0,23299
af4db3e4-2f01-40ce-bb36-c9f1f8b420a1,2361,Worker1,23305.203125,23343.001220703125,0,23305
af4db3e4-2f01-40ce-bb36-c9f1f8b420a1,2362,Worker1,23320.208251953125,23343.001220703125,0,23320
af4db3e4-2f01-40ce-bb36-c9f1f8b420a1,2363,Worker1,23323.106201171875,23333.001220703125,0,23323
af4db3e4-2f01-40ce-bb36-c9f1f8b420a1,2364,Worker1,23332.154296875,23343.001220703125,0,23332
af4db3e4-2f01-40ce-bb36-c9f1f8b420a1,2365,Worker1,23338.17431640625,23352.001220703125,0,23338
af4db3e4-2f01-40ce-bb36-c9f1f8b420a1,2366,Worker1,23354.122314453125,23365.001220703125,0,23354
af4db3e4-2f01-40ce-bb36-c9f1f8b420a1,2367,Worker1,23356.102294921875,23369.001220703125,0,23356
af4db3e4-2f01-40ce-bb36-c9f1f8b420a1,2368,Worker1,23363.09814453125,23377.001220703125,0,23363
af4db3e4-2f01-40ce-bb36-c9f1f8b420a1,2369,Worker1,23368.100341796875,23381.001220703125,0,23368
af4db3e4-2f01-40ce-bb36-c9f1f8b420a1,2370,Worker1,23371.105224609375,23384.001220703125,0,23371
af4db3e4-2f01-40ce-bb36-c9f1f8b420a1,2371,Worker1,23380.232177734375,23402.001220703125,0,23380
af4db3e4-2f01-40ce-bb36-c9f1f8b420a1,2372,Worker1,23411.25732421875,23423.001220703125,0,23411
af4db3e4-2f01-40ce-bb36-c9f1f8b420a1,2373,Worker1,23415.30322265625,23436.001220703125,0,23415
af4db3e4-2f01-40ce-bb36-c9f1f8b420a1,2374,Worker1,23426.240234375,23439.001220703125,0,23426
af4db3e4-2f01-40ce-bb36-c9f1f8b420a1,2375,Worker1,23426.247314453125,23460.001220703125,0,23426
af4db3e4-2f01-40ce-bb36-c9f1f8b420a1,2376,Worker1,23448.294189453125,23461.001220703125,0,23448
af4db3e4-2f01-40ce-bb36-c9f1f8b420a1,2377,Worker1,23462.2783203125,23475.001220703125,0,23462
af4db3e4-2f01-40ce-bb36-c9f1f8b420a1,2378,Worker1,23471.228271484375,23482.001220703125,0,23471
af4db3e4-2f01-40ce-bb36-c9f1f8b420a1,2379,Worker1,23504.168212890625,23527.001220703125,0,23504
af4db3e4-2f01-40ce-bb36-c9f1f8b420a1,2380,Worker1,23508.130126953125,23518.001220703125,0,23508
af4db3e4-2f01-40ce-bb36-c9f1f8b420a1,2381,Worker1,23510.253173828125,23521.001220703125,0,23510
af4db3e4-2f01-40ce-bb36-c9f1f8b420a1,2382,Worker1,23510.09912109375,23522.001220703125,0,23510
af4db3e4-2f01-40ce-bb36-c9f1f8b420a1,2383,Worker1,23515.2421875,23528.001220703125,0,23515
af4db3e4-2f01-40ce-bb36-c9f1f8b420a1,2384,Worker1,23529.16015625,23548.001220703125,0,23529
af4db3e4-2f01-40ce-bb36-c9f1f8b420a1,2385,Worker1,23538.13720703125,23553.001220703125,0,23538
af4db3e4-2f01-40ce-bb36-c9f1f8b420a1,2386,Worker1,23544.126220703125,23555.001220703125,0,23544
af4db3e4-2f01-40ce-bb36-c9f1f8b420a1,2387,Worker1,23548.105224609375,23558.001220703125,0,23548
af4db3e4-2f01-40ce-bb36-c9f1f8b420a1,2388,Worker1,23550.106201171875,23559.001220703125,0,23550
af4db3e4-2f01-40ce-bb36-c9f1f8b420a1,2389,Worker1,23558.17431640625,23577.001220703125,0,23558
af4db3e4-2f01-40ce-bb36-c9f1f8b420a1,2390,Worker1,23563.123291015625,23576.001220703125,0,23563
af4db3e4-2f01-40ce-bb36-c9f1f8b420a1,2391,Worker1,23577.3701171875,23589.001220703125,0,23577
af4db3e4-2f01-40ce-bb36-c9f1f8b420a1,2392,Worker1,23578.09033203125,23594.001220703125,0,23578
af4db3e4-2f01-40ce-bb36-c9f1f8b420a1,2393,Worker1,23585.115234375,23598.001220703125,0,23585
af4db3e4-2f01-40ce-bb36-c9f1f8b420a1,2394,Worker1,23603.197265625,23616.001220703125,0,23603
af4db3e4-2f01-40ce-bb36-c9f1f8b420a1,2395,Worker1,23615.206298828125,23628.001220703125,0,23615
af4db3e4-2f01-40ce-bb36-c9f1f8b420a1,2396,Worker1,23623.122314453125,23634.001220703125,0,23623
af4db3e4-2f01-40ce-bb36-c9f1f8b420a1,2397,Worker1,23647.131103515625,23660.001220703125,0,23647
af4db3e4-2f01-40ce-bb36-c9f1f8b420a1,2398,Worker1,23650.107177734375,23666.001220703125,0,23650
af4db3e4-2f01-40ce-bb36-c9f1f8b420a1,2399,Worker1,23660.254150390625,23675.001220703125,0,23660
af4db3e4-2f01-40ce-bb36-c9f1f8b420a1,2400,Worker1,23667.149169921875,23679.001220703125,0,23667
af4db3e4-2f01-40ce-bb36-c9f1f8b420a1,2401,Worker1,23686.163330078125,23697.001220703125,0,23686
af4db3e4-2f01-40ce-bb36-c9f1f8b420a1,2402,Worker1,23688.09716796875,23699.001220703125,0,23688
af4db3e4-2f01-40ce-bb36-c9f1f8b420a1,2403,Worker1,23696.21630859375,23713.001220703125,0,23696
af4db3e4-2f01-40ce-bb36-c9f1f8b420a1,2404,Worker1,23721.309326171875,23737.001220703125,0,23721
af4db3e4-2f01-40ce-bb36-c9f1f8b420a1,2405,Worker1,23724.109130859375,23737.001220703125,0,23724
af4db3e4-2f01-40ce-bb36-c9f1f8b420a1,2406,Worker1,23734.276123046875,23743.001220703125,0,23734
af4db3e4-2f01-40ce-bb36-c9f1f8b420a1,2407,Worker1,23790.22021484375,23803.001220703125,0,23790
af4db3e4-2f01-40ce-bb36-c9f1f8b420a1,2408,Worker1,23794.130126953125,23806.001220703125,0,23794
af4db3e4-2f01-40ce-bb36-c9f1f8b420a1,2409,Worker1,23796.1162109375,23809.001220703125,0,23796
af4db3e4-2f01-40ce-bb36-c9f1f8b420a1,2410,Worker1,23797.09912109375,23807.001220703125,0,23797
af4db3e4-2f01-40ce-bb36-c9f1f8b420a1,2411,Worker1,23824.232177734375,23834.001220703125,0,23824
af4db3e4-2f01-40ce-bb36-c9f1f8b420a1,2412,Worker1,23827.21630859375,23843.001220703125,0,23827
af4db3e4-2f01-40ce-bb36-c9f1f8b420a1,2413,Worker1,23829.1123046875,23841.001220703125,0,23829
af4db3e4-2f01-40ce-bb36-c9f1f8b420a1,2414,Worker1,23836.191162109375,23848.001220703125,0,23836
af4db3e4-2f01-40ce-bb36-c9f1f8b420a1,2415,Worker1,23856.2373046875,23868.001220703125,0,23856
af4db3e4-2f01-40ce-bb36-c9f1f8b420a1,2416,Worker1,23869.2041015625,23882.001220703125,0,23869
af4db3e4-2f01-40ce-bb36-c9f1f8b420a1,2417,Worker1,23870.086181640625,23881.001220703125,0,23870
af4db3e4-2f01-40ce-bb36-c9f1f8b420a1,2418,Worker1,23876.18017578125,23886.001220703125,0,23876
af4db3e4-2f01-40ce-bb36-c9f1f8b420a1,2419,Worker1,23892.231201171875,23903.001220703125,0,23892
af4db3e4-2f01-40ce-bb36-c9f1f8b420a1,2420,Worker1,23894.25927734375,23914.001220703125,0,23894
af4db3e4-2f01-40ce-bb36-c9f1f8b420a1,2421,Worker1,23894.109130859375,23905.001220703125,0,23894
af4db3e4-2f01-40ce-bb36-c9f1f8b420a1,2422,Worker1,23914.30419921875,23925.001220703125,0,23914
af4db3e4-2f01-40ce-bb36-c9f1f8b420a1,2423,Worker1,23927.145263671875,23944.001220703125,0,23927
af4db3e4-2f01-40ce-bb36-c9f1f8b420a1,2424,Worker1,23928.106201171875,23939.001220703125,0,23928
af4db3e4-2f01-40ce-bb36-c9f1f8b420a1,2425,Worker1,23957.17626953125,23968.001220703125,0,23957
af4db3e4-2f01-40ce-bb36-c9f1f8b420a1,2426,Worker1,23973.292236328125,23994.001220703125,0,23973
af4db3e4-2f01-40ce-bb36-c9f1f8b420a1,2428,Worker1,23984.164306640625,23994.001220703125,0,23984
af4db3e4-2f01-40ce-bb36-c9f1f8b420a1,2427,Worker1,23984.34326171875,23994.001220703125,0,23984
af4db3e4-2f01-40ce-bb36-c9f1f8b420a1,2429,Worker1,23989.229248046875,24001.001220703125,0,23989
af4db3e4-2f01-40ce-bb36-c9f1f8b420a1,2430,Worker1,24002.14111328125,24024.001220703125,0,24002
af4db3e4-2f01-40ce-bb36-c9f1f8b420a1,2431,Worker1,24003.09716796875,24013.001220703125,0,24003
af4db3e4-2f01-40ce-bb36-c9f1f8b420a1,2432,Worker1,24009.128173828125,24021.001220703125,0,24009
af4db3e4-2f01-40ce-bb36-c9f1f8b420a1,2433,Worker1,24013.2421875,24025.001220703125,0,24013
af4db3e4-2f01-40ce-bb36-c9f1f8b420a1,2434,Worker1,24024.230224609375,24043.001220703125,0,24024
af4db3e4-2f01-40ce-bb36-c9f1f8b420a1,2435,Worker1,24024.421142578125,24037.001220703125,0,24024
af4db3e4-2f01-40ce-bb36-c9f1f8b420a1,2436,Worker1,24029.107177734375,24040.001220703125,0,24029
af4db3e4-2f01-40ce-bb36-c9f1f8b420a1,2437,Worker1,24032.251220703125,24042.001220703125,0,24032
af4db3e4-2f01-40ce-bb36-c9f1f8b420a1,2438,Worker1,24041.2041015625,24054.001220703125,0,24041
af4db3e4-2f01-40ce-bb36-c9f1f8b420a1,2439,Worker1,24047.2041015625,24060.001220703125,0,24047
af4db3e4-2f01-40ce-bb36-c9f1f8b420a1,2440,Worker1,24051.100341796875,24062.001220703125,0,24051
af4db3e4-2f01-40ce-bb36-c9f1f8b420a1,2441,Worker1,24053.115234375,24067.001220703125,0,24053
af4db3e4-2f01-40ce-bb36-c9f1f8b420a1,2442,Worker1,24061.09814453125,24072.001220703125,0,24061
af4db3e4-2f01-40ce-bb36-c9f1f8b420a1,2443,Worker1,24084.163330078125,24097.001220703125,0,24084
af4db3e4-2f01-40ce-bb36-c9f1f8b420a1,2444,Worker1,24087.288330078125,24100.001220703125,0,24087
af4db3e4-2f01-40ce-bb36-c9f1f8b420a1,2445,Worker1,24088.09716796875,24098.001220703125,0,24088
af4db3e4-2f01-40ce-bb36-c9f1f8b420a1,2446,Worker1,24094.131103515625,24108.001220703125,0,24094
af4db3e4-2f01-40ce-bb36-c9f1f8b420a1,2447,Worker1,24112.205322265625,24125.001220703125,0,24112
af4db3e4-2f01-40ce-bb36-c9f1f8b420a1,2448,Worker1,24114.106201171875,24124.001220703125,0,24114
af4db3e4-2f01-40ce-bb36-c9f1f8b420a1,2449,Worker1,24122.29833984375,24143.001220703125,0,24122
af4db3e4-2f01-40ce-bb36-c9f1f8b420a1,2450,Worker1,24146.147216796875,24157.001220703125,0,24146
af4db3e4-2f01-40ce-bb36-c9f1f8b420a1,2451,Worker1,24149.166259765625,24160.001220703125,0,24149
af4db3e4-2f01-40ce-bb36-c9f1f8b420a1,2452,Worker1,24150.106201171875,24167.001220703125,0,24150
af4db3e4-2f01-40ce-bb36-c9f1f8b420a1,2453,Worker1,24157.311279296875,24182.001220703125,0,24157
af4db3e4-2f01-40ce-bb36-c9f1f8b420a1,2454,Worker1,24161.18017578125,24173.001220703125,0,24161
af4db3e4-2f01-40ce-bb36-c9f1f8b420a1,2455,Worker1,24173.1982421875,24187.001220703125,0,24173
af4db3e4-2f01-40ce-bb36-c9f1f8b420a1,2456,Worker1,24181.350341796875,24192.001220703125,0,24181
af4db3e4-2f01-40ce-bb36-c9f1f8b420a1,2457,Worker1,24205.29833984375,24219.001220703125,0,24205
af4db3e4-2f01-40ce-bb36-c9f1f8b420a1,2458,Worker1,24220.17724609375,24233.001220703125,0,24220
af4db3e4-2f01-40ce-bb36-c9f1f8b420a1,2459,Worker1,24230.1943359375,24242.001220703125,0,24230
af4db3e4-2f01-40ce-bb36-c9f1f8b420a1,2460,Worker1,24237.154296875,24248.001220703125,0,24237
af4db3e4-2f01-40ce-bb36-c9f1f8b420a1,2461,Worker1,24256.249267578125,24268.001220703125,0,24256
af4db3e4-2f01-40ce-bb36-c9f1f8b420a1,2462,Worker1,24268.110107421875,24281.001220703125,0,24268
af4db3e4-2f01-40ce-bb36-c9f1f8b420a1,2463,Worker1,24276.1552734375,24288.001220703125,0,24276
af4db3e4-2f01-40ce-bb36-c9f1f8b420a1,2464,Worker1,24302.131103515625,24315.001220703125,0,24302
af4db3e4-2f01-40ce-bb36-c9f1f8b420a1,2465,Worker1,24305.2041015625,24317.001220703125,0,24305
af4db3e4-2f01-40ce-bb36-c9f1f8b420a1,2466,Worker1,24315.191162109375,24325.001220703125,0,24315
af4db3e4-2f01-40ce-bb36-c9f1f8b420a1,2467,Worker1,24322.13232421875,24334.001220703125,0,24322
af4db3e4-2f01-40ce-bb36-c9f1f8b420a1,2468,Worker1,24326.2001953125,24338.001220703125,0,24326
af4db3e4-2f01-40ce-bb36-c9f1f8b420a1,2469,Worker1,24328.105224609375,24340.001220703125,0,24328
af4db3e4-2f01-40ce-bb36-c9f1f8b420a1,2470,Worker1,24337.208251953125,24347.001220703125,0,24337
af4db3e4-2f01-40ce-bb36-c9f1f8b420a1,2471,Worker1,24365.26513671875,24378.001220703125,0,24365
af4db3e4-2f01-40ce-bb36-c9f1f8b420a1,2472,Worker1,24380.169189453125,24390.001220703125,0,24380
af4db3e4-2f01-40ce-bb36-c9f1f8b420a1,2473,Worker1,24390.13720703125,24401.001220703125,0,24390
af4db3e4-2f01-40ce-bb36-c9f1f8b420a1,2474,Worker1,24390.279296875,24404.001220703125,0,24390
af4db3e4-2f01-40ce-bb36-c9f1f8b420a1,2475,Worker1,24410.21826171875,24424.001220703125,0,24410
af4db3e4-2f01-40ce-bb36-c9f1f8b420a1,2476,Worker1,24423.225341796875,24435.001220703125,0,24423
af4db3e4-2f01-40ce-bb36-c9f1f8b420a1,2477,Worker1,24432.207275390625,24442.001220703125,0,24432
af4db3e4-2f01-40ce-bb36-c9f1f8b420a1,2478,Worker1,24438.269287109375,24463.001220703125,0,24438
af4db3e4-2f01-40ce-bb36-c9f1f8b420a1,2479,Worker1,24442.28515625,24456.001220703125,0,24442
af4db3e4-2f01-40ce-bb36-c9f1f8b420a1,2480,Worker1,24444.1181640625,24456.001220703125,0,24444
af4db3e4-2f01-40ce-bb36-c9f1f8b420a1,2481,Worker1,24451.123291015625,24477.001220703125,0,24451
af4db3e4-2f01-40ce-bb36-c9f1f8b420a1,2482,Worker1,24472.163330078125,24483.001220703125,0,24472
af4db3e4-2f01-40ce-bb36-c9f1f8b420a1,2483,Worker1,24475.191162109375,24502.001220703125,0,24475
af4db3e4-2f01-40ce-bb36-c9f1f8b420a1,2484,Worker1,24484.289306640625,24498.001220703125,0,24484
af4db3e4-2f01-40ce-bb36-c9f1f8b420a1,2485,Worker1,24514.267333984375,24531.001220703125,0,24514
af4db3e4-2f01-40ce-bb36-c9f1f8b420a1,2486,Worker1,24518.170166015625,24531.001220703125,0,24518
af4db3e4-2f01-40ce-bb36-c9f1f8b420a1,2488,Worker1,24529.486328125,24541.001220703125,0,24529
af4db3e4-2f01-40ce-bb36-c9f1f8b420a1,2487,Worker1,24529.231201171875,24626.001220703125,0,24529
af4db3e4-2f01-40ce-bb36-c9f1f8b420a1,2489,Worker1,24550.21728515625,24563.001220703125,0,24550
af4db3e4-2f01-40ce-bb36-c9f1f8b420a1,2490,Worker1,24563.210205078125,24582.001220703125,0,24563
af4db3e4-2f01-40ce-bb36-c9f1f8b420a1,2491,Worker1,24572.151123046875,24583.001220703125,0,24572
af4db3e4-2f01-40ce-bb36-c9f1f8b420a1,2492,Worker1,24578.26416015625,24589.001220703125,0,24578
af4db3e4-2f01-40ce-bb36-c9f1f8b420a1,2493,Worker1,24595.2373046875,24609.001220703125,0,24595
af4db3e4-2f01-40ce-bb36-c9f1f8b420a1,2494,Worker1,24597.108154296875,24606.001220703125,0,24597
af4db3e4-2f01-40ce-bb36-c9f1f8b420a1,2495,Worker1,24605.1943359375,24618.001220703125,0,24605
af4db3e4-2f01-40ce-bb36-c9f1f8b420a1,2496,Worker1,24610.191162109375,24638.001220703125,0,24610
af4db3e4-2f01-40ce-bb36-c9f1f8b420a1,2497,Worker1,24624.251220703125,24637.001220703125,0,24624
af4db3e4-2f01-40ce-bb36-c9f1f8b420a1,2498,Worker1,24625.102294921875,24639.001220703125,0,24625
af4db3e4-2f01-40ce-bb36-c9f1f8b420a1,2499,Worker1,24631.316162109375,24641.001220703125,0,24631
af4db3e4-2f01-40ce-bb36-c9f1f8b420a1,2500,Worker1,24648.354248046875,24659.001220703125,0,24648
af4db3e4-2f01-40ce-bb36-c9f1f8b420a1,2501,Worker1,24660.18310546875,24683.001220703125,0,24660
af4db3e4-2f01-40ce-bb36-c9f1f8b420a1,2502,Worker1,24660.30712890625,24671.001220703125,0,24660
af4db3e4-2f01-40ce-bb36-c9f1f8b420a1,2503,Worker1,24683.230224609375,24694.001220703125,0,24683
af4db3e4-2f01-40ce-bb36-c9f1f8b420a1,2504,Worker1,24697.34521484375,24707.001220703125,0,24697
af4db3e4-2f01-40ce-bb36-c9f1f8b420a1,2505,Worker1,24707.254150390625,24718.001220703125,0,24707
af4db3e4-2f01-40ce-bb36-c9f1f8b420a1,2506,Worker1,24743.229248046875,24756.001220703125,0,24743
af4db3e4-2f01-40ce-bb36-c9f1f8b420a1,2507,Worker1,24761.1142578125,24777.001220703125,0,24761
af4db3e4-2f01-40ce-bb36-c9f1f8b420a1,2509,Worker1,24773.254150390625,24783.001220703125,0,24773
af4db3e4-2f01-40ce-bb36-c9f1f8b420a1,2508,Worker1,24773.246337890625,24786.001220703125,0,24773
af4db3e4-2f01-40ce-bb36-c9f1f8b420a1,2510,Worker1,24778.235107421875,24790.001220703125,0,24778
af4db3e4-2f01-40ce-bb36-c9f1f8b420a1,2511,Worker1,24793.151123046875,24803.001220703125,0,24793
af4db3e4-2f01-40ce-bb36-c9f1f8b420a1,2512,Worker1,24794.09033203125,24805.001220703125,0,24794
af4db3e4-2f01-40ce-bb36-c9f1f8b420a1,2513,Worker1,24837.277099609375,24849.001220703125,0,24837
af4db3e4-2f01-40ce-bb36-c9f1f8b420a1,2514,Worker1,24856.18310546875,24866.001220703125,0,24856
af4db3e4-2f01-40ce-bb36-c9f1f8b420a1,2515,Worker1,24858.111328125,24869.001220703125,0,24858
af4db3e4-2f01-40ce-bb36-c9f1f8b420a1,2516,Worker1,24859.100341796875,24873.001220703125,0,24859
af4db3e4-2f01-40ce-bb36-c9f1f8b420a1,2517,Worker1,24884.34912109375,24924.001220703125,0,24884
af4db3e4-2f01-40ce-bb36-c9f1f8b420a1,2518,Worker1,24887.2431640625,24897.001220703125,0,24887
af4db3e4-2f01-40ce-bb36-c9f1f8b420a1,2519,Worker1,24889.11328125,24899.001220703125,0,24889
af4db3e4-2f01-40ce-bb36-c9f1f8b420a1,2520,Worker1,24898.2861328125,24908.001220703125,0,24898
af4db3e4-2f01-40ce-bb36-c9f1f8b420a1,2521,Worker1,24925.09130859375,24936.001220703125,0,24925
af4db3e4-2f01-40ce-bb36-c9f1f8b420a1,2522,Worker1,24941.130126953125,24957.001220703125,0,24941
af4db3e4-2f01-40ce-bb36-c9f1f8b420a1,2523,Worker1,24943.115234375,24953.001220703125,0,24943
af4db3e4-2f01-40ce-bb36-c9f1f8b420a1,2524,Worker1,24950.207275390625,24962.001220703125,0,24950
af4db3e4-2f01-40ce-bb36-c9f1f8b420a1,2525,Worker1,24955.1142578125,24966.001220703125,0,24955
af4db3e4-2f01-40ce-bb36-c9f1f8b420a1,2526,Worker1,24968.18017578125,24995.001220703125,0,24968
af4db3e4-2f01-40ce-bb36-c9f1f8b420a1,2527,Worker1,24969.104248046875,24995.001220703125,0,24969
af4db3e4-2f01-40ce-bb36-c9f1f8b420a1,2528,Worker1,24999.207275390625,25022.001220703125,0,24999
af4db3e4-2f01-40ce-bb36-c9f1f8b420a1,2529,Worker1,25003.251220703125,25015.001220703125,0,25003
af4db3e4-2f01-40ce-bb36-c9f1f8b420a1,2531,Worker1,25014.30224609375,25036.001220703125,0,25014
af4db3e4-2f01-40ce-bb36-c9f1f8b420a1,2530,Worker1,25014.165283203125,25034.001220703125,0,25014
af4db3e4-2f01-40ce-bb36-c9f1f8b420a1,2532,Worker1,25035.30712890625,25047.001220703125,0,25035
af4db3e4-2f01-40ce-bb36-c9f1f8b420a1,2533,Worker1,25038.184326171875,25050.001220703125,0,25038
af4db3e4-2f01-40ce-bb36-c9f1f8b420a1,2534,Worker1,25047.201171875,25069.001220703125,0,25047
af4db3e4-2f01-40ce-bb36-c9f1f8b420a1,2535,Worker1,25078.119140625,25103.001220703125,0,25078
af4db3e4-2f01-40ce-bb36-c9f1f8b420a1,2536,Worker1,25095.336181640625,25120.001220703125,0,25095
af4db3e4-2f01-40ce-bb36-c9f1f8b420a1,2537,Worker1,25106.51513671875,25117.001220703125,0,25106
af4db3e4-2f01-40ce-bb36-c9f1f8b420a1,2538,Worker1,25106.354248046875,25117.001220703125,0,25106
af4db3e4-2f01-40ce-bb36-c9f1f8b420a1,2539,Worker1,25111.142333984375,25120.001220703125,0,25111
af4db3e4-2f01-40ce-bb36-c9f1f8b420a1,2540,Worker1,25114.22314453125,25137.001220703125,0,25114
af4db3e4-2f01-40ce-bb36-c9f1f8b420a1,2541,Worker1,25115.09912109375,25126.001220703125,0,25115
af4db3e4-2f01-40ce-bb36-c9f1f8b420a1,2542,Worker1,25121.1943359375,25130.001220703125,0,25121
af4db3e4-2f01-40ce-bb36-c9f1f8b420a1,2543,Worker1,25125.1142578125,25136.001220703125,0,25125
af4db3e4-2f01-40ce-bb36-c9f1f8b420a1,2544,Worker1,25127.111328125,25139.001220703125,0,25127
af4db3e4-2f01-40ce-bb36-c9f1f8b420a1,2545,Worker1,25135.22412109375,25148.001220703125,0,25135
af4db3e4-2f01-40ce-bb36-c9f1f8b420a1,2546,Worker1,25158.108154296875,25170.001220703125,0,25158
af4db3e4-2f01-40ce-bb36-c9f1f8b420a1,2547,Worker1,25161.34619140625,25176.001220703125,0,25161
af4db3e4-2f01-40ce-bb36-c9f1f8b420a1,2548,Worker1,25171.314208984375,25183.001220703125,0,25171
af4db3e4-2f01-40ce-bb36-c9f1f8b420a1,2549,Worker1,25207.2822265625,25220.001220703125,0,25207
af4db3e4-2f01-40ce-bb36-c9f1f8b420a1,2550,Worker1,25225.290283203125,25235.001220703125,0,25225
af4db3e4-2f01-40ce-bb36-c9f1f8b420a1,2552,Worker1,25237.46630859375,25263.001220703125,0,25237
af4db3e4-2f01-40ce-bb36-c9f1f8b420a1,2551,Worker1,25237.294189453125,25249.001220703125,0,25237
af4db3e4-2f01-40ce-bb36-c9f1f8b420a1,2553,Worker1,25242.169189453125,25280.001220703125,0,25242
af4db3e4-2f01-40ce-bb36-c9f1f8b420a1,2554,Worker1,25245.111328125,25255.001220703125,0,25245
af4db3e4-2f01-40ce-bb36-c9f1f8b420a1,2555,Worker1,25255.16015625,25266.001220703125,0,25255
af4db3e4-2f01-40ce-bb36-c9f1f8b420a1,2556,Worker1,25261.105224609375,25272.001220703125,0,25261
af4db3e4-2f01-40ce-bb36-c9f1f8b420a1,2557,Worker1,25265.251220703125,25291.001220703125,0,25265
af4db3e4-2f01-40ce-bb36-c9f1f8b420a1,2558,Worker1,25267.109130859375,25279.001220703125,0,25267
af4db3e4-2f01-40ce-bb36-c9f1f8b420a1,2559,Worker1,25275.3291015625,25290.001220703125,0,25275
af4db3e4-2f01-40ce-bb36-c9f1f8b420a1,2560,Worker1,25299.3203125,25313.001220703125,0,25299
af4db3e4-2f01-40ce-bb36-c9f1f8b420a1,2561,Worker1,25302.07421875,25313.001220703125,0,25302
af4db3e4-2f01-40ce-bb36-c9f1f8b420a1,2562,Worker1,25312.125244140625,25337.001220703125,0,25312
af4db3e4-2f01-40ce-bb36-c9f1f8b420a1,2563,Worker1,25319.189208984375,25337.001220703125,0,25319
af4db3e4-2f01-40ce-bb36-c9f1f8b420a1,2564,Worker1,25323.125244140625,25344.001220703125,0,25323
af4db3e4-2f01-40ce-bb36-c9f1f8b420a1,2565,Worker1,25325.09326171875,25338.001220703125,0,25325
af4db3e4-2f01-40ce-bb36-c9f1f8b420a1,2566,Worker1,25326.0751953125,25339.001220703125,0,25326
af4db3e4-2f01-40ce-bb36-c9f1f8b420a1,2567,Worker1,25352.235107421875,25367.001220703125,0,25352
af4db3e4-2f01-40ce-bb36-c9f1f8b420a1,2568,Worker1,25367.168212890625,25379.001220703125,0,25367
af4db3e4-2f01-40ce-bb36-c9f1f8b420a1,2569,Worker1,25377.315185546875,25403.001220703125,0,25377
af4db3e4-2f01-40ce-bb36-c9f1f8b420a1,2570,Worker1,25432.2451171875,25444.001220703125,0,25432
af4db3e4-2f01-40ce-bb36-c9f1f8b420a1,2571,Worker1,25451.252197265625,25462.001220703125,0,25451
af4db3e4-2f01-40ce-bb36-c9f1f8b420a1,2572,Worker1,25453.110107421875,25466.001220703125,0,25453
af4db3e4-2f01-40ce-bb36-c9f1f8b420a1,2573,Worker1,25454.105224609375,25468.001220703125,0,25454
af4db3e4-2f01-40ce-bb36-c9f1f8b420a1,2574,Worker1,25460.244140625,25471.001220703125,0,25460
af4db3e4-2f01-40ce-bb36-c9f1f8b420a1,2575,Worker1,25463.17724609375,25474.001220703125,0,25463
af4db3e4-2f01-40ce-bb36-c9f1f8b420a1,2576,Worker1,25473.2861328125,25485.001220703125,0,25473
af4db3e4-2f01-40ce-bb36-c9f1f8b420a1,2577,Worker1,25480.1943359375,25491.001220703125,0,25480
af4db3e4-2f01-40ce-bb36-c9f1f8b420a1,2578,Worker1,25485.21826171875,25495.001220703125,0,25485
af4db3e4-2f01-40ce-bb36-c9f1f8b420a1,2579,Worker1,25498.214111328125,25511.001220703125,0,25498
af4db3e4-2f01-40ce-bb36-c9f1f8b420a1,2580,Worker1,25507.2822265625,25520.001220703125,0,25507
af4db3e4-2f01-40ce-bb36-c9f1f8b420a1,2581,Worker1,25513.207275390625,25526.001220703125,0,25513
af4db3e4-2f01-40ce-bb36-c9f1f8b420a1,2582,Worker1,25516.107177734375,25531.001220703125,0,25516
af4db3e4-2f01-40ce-bb36-c9f1f8b420a1,2583,Worker1,25518.089111328125,25531.001220703125,0,25518
af4db3e4-2f01-40ce-bb36-c9f1f8b420a1,2584,Worker1,25518.09814453125,25533.001220703125,0,25518
af4db3e4-2f01-40ce-bb36-c9f1f8b420a1,2585,Worker1,25523.206298828125,25535.001220703125,0,25523
af4db3e4-2f01-40ce-bb36-c9f1f8b420a1,2586,Worker1,25526.106201171875,25537.001220703125,0,25526
af4db3e4-2f01-40ce-bb36-c9f1f8b420a1,2587,Worker1,25535.244140625,25547.001220703125,0,25535
af4db3e4-2f01-40ce-bb36-c9f1f8b420a1,2588,Worker1,25541.154296875,25553.001220703125,0,25541
af4db3e4-2f01-40ce-bb36-c9f1f8b420a1,2589,Worker1,25545.191162109375,25562.001220703125,0,25545
af4db3e4-2f01-40ce-bb36-c9f1f8b420a1,2591,Worker1,25547.09814453125,25558.001220703125,0,25547
af4db3e4-2f01-40ce-bb36-c9f1f8b420a1,2590,Worker1,25547.25732421875,25563.001220703125,0,25547
af4db3e4-2f01-40ce-bb36-c9f1f8b420a1,2592,Worker1,25552.17431640625,25562.001220703125,0,25552
af4db3e4-2f01-40ce-bb36-c9f1f8b420a1,2593,Worker1,25555.18212890625,25569.001220703125,0,25555
af4db3e4-2f01-40ce-bb36-c9f1f8b420a1,2594,Worker1,25564.19921875,25575.001220703125,0,25564
af4db3e4-2f01-40ce-bb36-c9f1f8b420a1,2595,Worker1,25570.13525390625,25582.001220703125,0,25570
af4db3e4-2f01-40ce-bb36-c9f1f8b420a1,2596,Worker1,25574.1181640625,25595.001220703125,0,25574
af4db3e4-2f01-40ce-bb36-c9f1f8b420a1,2597,Worker1,25585.279296875,25599.001220703125,0,25585
af4db3e4-2f01-40ce-bb36-c9f1f8b420a1,2598,Worker1,25593.21728515625,25618.001220703125,0,25593
af4db3e4-2f01-40ce-bb36-c9f1f8b420a1,2599,Worker1,25615.193115234375,25627.001220703125,0,25615
af4db3e4-2f01-40ce-bb36-c9f1f8b420a1,2600,Worker1,25629.129150390625,25641.001220703125,0,25629
af4db3e4-2f01-40ce-bb36-c9f1f8b420a1,2601,Worker1,25630.108154296875,25643.001220703125,0,25630
af4db3e4-2f01-40ce-bb36-c9f1f8b420a1,2602,Worker1,25662.21923828125,25674.001220703125,0,25662
af4db3e4-2f01-40ce-bb36-c9f1f8b420a1,2603,Worker1,25666.106201171875,25677.001220703125,0,25666
af4db3e4-2f01-40ce-bb36-c9f1f8b420a1,2604,Worker1,25668.14111328125,25680.001220703125,0,25668
af4db3e4-2f01-40ce-bb36-c9f1f8b420a1,2605,Worker1,25676.279296875,25686.001220703125,0,25676
af4db3e4-2f01-40ce-bb36-c9f1f8b420a1,2606,Worker1,25681.277099609375,25691.001220703125,0,25681
af4db3e4-2f01-40ce-bb36-c9f1f8b420a1,2607,Worker1,25695.226318359375,25706.001220703125,0,25695
af4db3e4-2f01-40ce-bb36-c9f1f8b420a1,2608,Worker1,25696.110107421875,25709.001220703125,0,25696
af4db3e4-2f01-40ce-bb36-c9f1f8b420a1,2609,Worker1,25732.230224609375,25758.001220703125,0,25732
af4db3e4-2f01-40ce-bb36-c9f1f8b420a1,2610,Worker1,25750.225341796875,25764.001220703125,0,25750
af4db3e4-2f01-40ce-bb36-c9f1f8b420a1,2612,Worker1,25762.434326171875,25772.001220703125,0,25762
af4db3e4-2f01-40ce-bb36-c9f1f8b420a1,2611,Worker1,25762.2841796875,25772.001220703125,0,25762
af4db3e4-2f01-40ce-bb36-c9f1f8b420a1,2613,Worker1,25767.23828125,25779.001220703125,0,25767
af4db3e4-2f01-40ce-bb36-c9f1f8b420a1,2614,Worker1,25781.193115234375,25791.001220703125,0,25781
af4db3e4-2f01-40ce-bb36-c9f1f8b420a1,2615,Worker1,25782.09033203125,25795.001220703125,0,25782
af4db3e4-2f01-40ce-bb36-c9f1f8b420a1,2616,Worker1,25821.188232421875,25841.001220703125,0,25821
af4db3e4-2f01-40ce-bb36-c9f1f8b420a1,2617,Worker1,25839.1591796875,25850.001220703125,0,25839
af4db3e4-2f01-40ce-bb36-c9f1f8b420a1,2618,Worker1,25841.09716796875,25852.001220703125,0,25841
af4db3e4-2f01-40ce-bb36-c9f1f8b420a1,2619,Worker1,25849.163330078125,25861.001220703125,0,25849
af4db3e4-2f01-40ce-bb36-c9f1f8b420a1,2620,Worker1,25854.129150390625,25870.001220703125,0,25854
af4db3e4-2f01-40ce-bb36-c9f1f8b420a1,2621,Worker1,25857.22314453125,25868.001220703125,0,25857
af4db3e4-2f01-40ce-bb36-c9f1f8b420a1,2622,Worker1,25858.09814453125,25870.001220703125,0,25858
af4db3e4-2f01-40ce-bb36-c9f1f8b420a1,2623,Worker1,25865.30029296875,25880.001220703125,0,25865
af4db3e4-2f01-40ce-bb36-c9f1f8b420a1,2624,Worker1,25884.292236328125,25894.001220703125,0,25884
af4db3e4-2f01-40ce-bb36-c9f1f8b420a1,2625,Worker1,25886.100341796875,25898.001220703125,0,25886
af4db3e4-2f01-40ce-bb36-c9f1f8b420a1,2626,Worker1,25894.126220703125,25906.001220703125,0,25894
af4db3e4-2f01-40ce-bb36-c9f1f8b420a1,2627,Worker1,25919.270263671875,25944.001220703125,0,25919
af4db3e4-2f01-40ce-bb36-c9f1f8b420a1,2628,Worker1,25934.267333984375,25947.001220703125,0,25934
af4db3e4-2f01-40ce-bb36-c9f1f8b420a1,2629,Worker1,25944.311279296875,25957.001220703125,0,25944
af4db3e4-2f01-40ce-bb36-c9f1f8b420a1,2630,Worker1,25951.392333984375,25963.001220703125,0,25951
af4db3e4-2f01-40ce-bb36-c9f1f8b420a1,2631,Worker1,25955.275146484375,25964.001220703125,0,25955
af4db3e4-2f01-40ce-bb36-c9f1f8b420a1,2632,Worker1,25967.230224609375,25977.001220703125,0,25967
af4db3e4-2f01-40ce-bb36-c9f1f8b420a1,2633,Worker1,25968.108154296875,25982.001220703125,0,25968
af4db3e4-2f01-40ce-bb36-c9f1f8b420a1,2634,Worker1,25995.297119140625,26006.001220703125,0,25995
af4db3e4-2f01-40ce-bb36-c9f1f8b420a1,2635,Worker1,26013.756103515625,26024.001220703125,0,26011
af4db3e4-2f01-40ce-bb36-c9f1f8b420a1,2636,Worker1,26021.275146484375,26034.001220703125,0,26021
af4db3e4-2f01-40ce-bb36-c9f1f8b420a1,2637,Worker1,26028.3251953125,26040.001220703125,0,26028
af4db3e4-2f01-40ce-bb36-c9f1f8b420a1,2638,Worker1,26048.25830078125,26060.001220703125,0,26048
af4db3e4-2f01-40ce-bb36-c9f1f8b420a1,2639,Worker1,26051.233154296875,26063.001220703125,0,26051
af4db3e4-2f01-40ce-bb36-c9f1f8b420a1,2640,Worker1,26060.314208984375,26072.001220703125,0,26060
af4db3e4-2f01-40ce-bb36-c9f1f8b420a1,2641,Worker1,26088.150146484375,26103.001220703125,0,26088
af4db3e4-2f01-40ce-bb36-c9f1f8b420a1,2642,Worker1,26104.17333984375,26117.001220703125,0,26104
af4db3e4-2f01-40ce-bb36-c9f1f8b420a1,2643,Worker1,26115.292236328125,26135.001220703125,0,26115
af4db3e4-2f01-40ce-bb36-c9f1f8b420a1,2644,Worker1,26122.14013671875,26132.001220703125,0,26122
af4db3e4-2f01-40ce-bb36-c9f1f8b420a1,2645,Worker1,26127.21923828125,26140.001220703125,0,26127
af4db3e4-2f01-40ce-bb36-c9f1f8b420a1,2646,Worker1,26130.119140625,26141.001220703125,0,26130
af4db3e4-2f01-40ce-bb36-c9f1f8b420a1,2647,Worker1,26131.09130859375,26141.001220703125,0,26131
af4db3e4-2f01-40ce-bb36-c9f1f8b420a1,2648,Worker1,26161.25830078125,26183.001220703125,0,26161
af4db3e4-2f01-40ce-bb36-c9f1f8b420a1,2649,Worker1,26165.126220703125,26176.001220703125,0,26165
af4db3e4-2f01-40ce-bb36-c9f1f8b420a1,2651,Worker1,26176.30810546875,26188.001220703125,0,26176
af4db3e4-2f01-40ce-bb36-c9f1f8b420a1,2650,Worker1,26176.142333984375,26190.001220703125,0,26176
af4db3e4-2f01-40ce-bb36-c9f1f8b420a1,2652,Worker1,26197.21728515625,26210.001220703125,0,26197
af4db3e4-2f01-40ce-bb36-c9f1f8b420a1,2653,Worker1,26211.201171875,26222.001220703125,0,26211
af4db3e4-2f01-40ce-bb36-c9f1f8b420a1,2654,Worker1,26220.268310546875,26232.001220703125,0,26220
af4db3e4-2f01-40ce-bb36-c9f1f8b420a1,2655,Worker1,26252.2841796875,26261.001220703125,0,26252
af4db3e4-2f01-40ce-bb36-c9f1f8b420a1,2656,Worker1,26256.2431640625,26269.001220703125,0,26256
af4db3e4-2f01-40ce-bb36-c9f1f8b420a1,2657,Worker1,26267.460205078125,26278.001220703125,0,26267
af4db3e4-2f01-40ce-bb36-c9f1f8b420a1,2658,Worker1,26267.250244140625,26280.001220703125,0,26267
af4db3e4-2f01-40ce-bb36-c9f1f8b420a1,2659,Worker1,26290.1611328125,26301.001220703125,0,26290
af4db3e4-2f01-40ce-bb36-c9f1f8b420a1,2660,Worker1,26293.184326171875,26306.001220703125,0,26293
af4db3e4-2f01-40ce-bb36-c9f1f8b420a1,2661,Worker1,26294.100341796875,26304.001220703125,0,26294
af4db3e4-2f01-40ce-bb36-c9f1f8b420a1,2662,Worker1,26328.272216796875,26340.001220703125,0,26328
af4db3e4-2f01-40ce-bb36-c9f1f8b420a1,2663,Worker1,26345.14111328125,26356.001220703125,0,26345
af4db3e4-2f01-40ce-bb36-c9f1f8b420a1,2664,Worker1,26347.107177734375,26358.001220703125,0,26347
af4db3e4-2f01-40ce-bb36-c9f1f8b420a1,2665,Worker1,26355.279296875,26368.001220703125,0,26355
af4db3e4-2f01-40ce-bb36-c9f1f8b420a1,2666,Worker1,26378.150146484375,26389.001220703125,0,26378
af4db3e4-2f01-40ce-bb36-c9f1f8b420a1,2667,Worker1,26392.244140625,26407.001220703125,0,26392
af4db3e4-2f01-40ce-bb36-c9f1f8b420a1,2668,Worker1,26402.146240234375,26415.001220703125,0,26402
af4db3e4-2f01-40ce-bb36-c9f1f8b420a1,2669,Worker1,26438.30810546875,26452.001220703125,0,26438
af4db3e4-2f01-40ce-bb36-c9f1f8b420a1,2670,Worker1,26456.2431640625,26468.001220703125,0,26456
af4db3e4-2f01-40ce-bb36-c9f1f8b420a1,2671,Worker1,26458.103271484375,26474.001220703125,0,26458
af4db3e4-2f01-40ce-bb36-c9f1f8b420a1,2672,Worker1,26466.13232421875,26477.001220703125,0,26466
af4db3e4-2f01-40ce-bb36-c9f1f8b420a1,2673,Worker1,26490.127197265625,26504.001220703125,0,26490
af4db3e4-2f01-40ce-bb36-c9f1f8b420a1,2674,Worker1,26493.314208984375,26505.001220703125,0,26493
af4db3e4-2f01-40ce-bb36-c9f1f8b420a1,2675,Worker1,26494.089111328125,26523.001220703125,0,26494
af4db3e4-2f01-40ce-bb36-c9f1f8b420a1,2676,Worker1,26538.287109375,26547.001220703125,0,26538
af4db3e4-2f01-40ce-bb36-c9f1f8b420a1,2677,Worker1,26564.22216796875,26585.001220703125,0,26564
af4db3e4-2f01-40ce-bb36-c9f1f8b420a1,2678,Worker1,26580.15625,26590.001220703125,0,26580
af4db3e4-2f01-40ce-bb36-c9f1f8b420a1,2679,Worker1,26590.131103515625,26603.001220703125,0,26590
af4db3e4-2f01-40ce-bb36-c9f1f8b420a1,2680,Worker1,26657.206298828125,26667.001220703125,0,26657
af4db3e4-2f01-40ce-bb36-c9f1f8b420a1,2681,Worker1,26676.25927734375,26686.001220703125,0,26676
af4db3e4-2f01-40ce-bb36-c9f1f8b420a1,2682,Worker1,26688.145263671875,26700.001220703125,0,26688
af4db3e4-2f01-40ce-bb36-c9f1f8b420a1,2683,Worker1,26697.13427734375,26711.001220703125,0,26697
af4db3e4-2f01-40ce-bb36-c9f1f8b420a1,2684,Worker1,26724.26513671875,26740.001220703125,0,26724
af4db3e4-2f01-40ce-bb36-c9f1f8b420a1,2685,Worker1,26727.30810546875,26743.001220703125,0,26727
af4db3e4-2f01-40ce-bb36-c9f1f8b420a1,2686,Worker1,26738.210205078125,26750.001220703125,0,26738
af4db3e4-2f01-40ce-bb36-c9f1f8b420a1,2687,Worker1,26745.420166015625,26757.001220703125,0,26745
af4db3e4-2f01-40ce-bb36-c9f1f8b420a1,2688,Worker1,26750.256103515625,26766.001220703125,0,26750
af4db3e4-2f01-40ce-bb36-c9f1f8b420a1,2689,Worker1,26753.2421875,26763.001220703125,0,26753
af4db3e4-2f01-40ce-bb36-c9f1f8b420a1,2690,Worker1,26754.09033203125,26766.001220703125,0,26754
af4db3e4-2f01-40ce-bb36-c9f1f8b420a1,2691,Worker1,26760.1953125,26771.001220703125,0,26760
af4db3e4-2f01-40ce-bb36-c9f1f8b420a1,2692,Worker1,26776.2783203125,26789.001220703125,0,26776
af4db3e4-2f01-40ce-bb36-c9f1f8b420a1,2694,Worker1,26778.30810546875,26791.001220703125,0,26778
af4db3e4-2f01-40ce-bb36-c9f1f8b420a1,2693,Worker1,26778.110107421875,26791.001220703125,0,26778
af4db3e4-2f01-40ce-bb36-c9f1f8b420a1,2695,Worker1,26799.297119140625,26812.001220703125,0,26799
af4db3e4-2f01-40ce-bb36-c9f1f8b420a1,2696,Worker1,26812.1171875,26825.001220703125,0,26812
af4db3e4-2f01-40ce-bb36-c9f1f8b420a1,2697,Worker1,26821.100341796875,26832.001220703125,0,26821
af4db3e4-2f01-40ce-bb36-c9f1f8b420a1,2698,Worker1,26851.205322265625,26863.001220703125,0,26851
af4db3e4-2f01-40ce-bb36-c9f1f8b420a1,2699,Worker1,26867.379150390625,26881.001220703125,0,26867
af4db3e4-2f01-40ce-bb36-c9f1f8b420a1,2700,Worker1,26878.1962890625,26894.001220703125,0,26878
af4db3e4-2f01-40ce-bb36-c9f1f8b420a1,2701,Worker1,26885.1142578125,26897.001220703125,0,26885
af4db3e4-2f01-40ce-bb36-c9f1f8b420a1,2702,Worker1,26907.249267578125,26924.001220703125,0,26907
af4db3e4-2f01-40ce-bb36-c9f1f8b420a1,2703,Worker1,26910.171142578125,26923.001220703125,0,26910
af4db3e4-2f01-40ce-bb36-c9f1f8b420a1,2704,Worker1,26919.104248046875,26928.001220703125,0,26919
af4db3e4-2f01-40ce-bb36-c9f1f8b420a1,2705,Worker1,26925.22021484375,26936.001220703125,0,26925
af4db3e4-2f01-40ce-bb36-c9f1f8b420a1,2706,Worker1,26942.29833984375,26954.001220703125,0,26942
af4db3e4-2f01-40ce-bb36-c9f1f8b420a1,2707,Worker1,26944.1142578125,26956.001220703125,0,26944
af4db3e4-2f01-40ce-bb36-c9f1f8b420a1,2708,Worker1,26952.21630859375,26965.001220703125,0,26952
af4db3e4-2f01-40ce-bb36-c9f1f8b420a1,2709,Worker1,26957.189208984375,26970.001220703125,0,26957
af4db3e4-2f01-40ce-bb36-c9f1f8b420a1,2710,Worker1,26960.3193359375,26970.001220703125,0,26960
af4db3e4-2f01-40ce-bb36-c9f1f8b420a1,2711,Worker1,26970.09716796875,26980.001220703125,0,26970
af4db3e4-2f01-40ce-bb36-c9f1f8b420a1,2712,Worker1,27005.28515625,27031.001220703125,0,27005
af4db3e4-2f01-40ce-bb36-c9f1f8b420a1,2713,Worker1,27022.2041015625,27034.001220703125,0,27022
af4db3e4-2f01-40ce-bb36-c9f1f8b420a1,2714,Worker1,27034.164306640625,27047.001220703125,0,27034
af4db3e4-2f01-40ce-bb36-c9f1f8b420a1,2715,Worker1,27042.2001953125,27053.001220703125,0,27042
af4db3e4-2f01-40ce-bb36-c9f1f8b420a1,2716,Worker1,27047.128173828125,27059.001220703125,0,27047
af4db3e4-2f01-40ce-bb36-c9f1f8b420a1,2717,Worker1,27050.30029296875,27062.001220703125,0,27050
af4db3e4-2f01-40ce-bb36-c9f1f8b420a1,2718,Worker1,27060.30712890625,27073.001220703125,0,27060
af4db3e4-2f01-40ce-bb36-c9f1f8b420a1,2719,Worker1,27067.201171875,27081.001220703125,0,27067
af4db3e4-2f01-40ce-bb36-c9f1f8b420a1,2720,Worker1,27085.172119140625,27104.001220703125,0,27085
af4db3e4-2f01-40ce-bb36-c9f1f8b420a1,2721,Worker1,27087.102294921875,27097.001220703125,0,27087
af4db3e4-2f01-40ce-bb36-c9f1f8b420a1,2722,Worker1,27095.26025390625,27125.001220703125,0,27095
af4db3e4-2f01-40ce-bb36-c9f1f8b420a1,2723,Worker1,27119.277099609375,27130.001220703125,0,27119
af4db3e4-2f01-40ce-bb36-c9f1f8b420a1,2724,Worker1,27134.256103515625,27150.001220703125,0,27134
af4db3e4-2f01-40ce-bb36-c9f1f8b420a1,2725,Worker1,27144.236328125,27156.001220703125,0,27144
af4db3e4-2f01-40ce-bb36-c9f1f8b420a1,2726,Worker1,27151.201171875,27161.001220703125,0,27151
af4db3e4-2f01-40ce-bb36-c9f1f8b420a1,2727,Worker1,27170.2021484375,27180.001220703125,0,27170
af4db3e4-2f01-40ce-bb36-c9f1f8b420a1,2728,Worker1,27172.107177734375,27183.001220703125,0,27172
af4db3e4-2f01-40ce-bb36-c9f1f8b420a1,2729,Worker1,27180.17431640625,27192.001220703125,0,27180
af4db3e4-2f01-40ce-bb36-c9f1f8b420a1,2730,Worker1,27186.253173828125,27196.001220703125,0,27186
af4db3e4-2f01-40ce-bb36-c9f1f8b420a1,2731,Worker1,27201.123291015625,27213.001220703125,0,27201
af4db3e4-2f01-40ce-bb36-c9f1f8b420a1,2732,Worker1,27202.105224609375,27215.001220703125,0,27202
af4db3e4-2f01-40ce-bb36-c9f1f8b420a1,2733,Worker1,27209.115234375,27219.001220703125,0,27209
af4db3e4-2f01-40ce-bb36-c9f1f8b420a1,2734,Worker1,27228.13232421875,27240.001220703125,0,27228
af4db3e4-2f01-40ce-bb36-c9f1f8b420a1,2735,Worker1,27240.13427734375,27252.001220703125,0,27240
af4db3e4-2f01-40ce-bb36-c9f1f8b420a1,2736,Worker1,27248.207275390625,27259.001220703125,0,27248
af4db3e4-2f01-40ce-bb36-c9f1f8b420a1,2737,Worker1,27254.210205078125,27265.001220703125,0,27254
af4db3e4-2f01-40ce-bb36-c9f1f8b420a1,2738,Worker1,27257.229248046875,27270.001220703125,0,27257
af4db3e4-2f01-40ce-bb36-c9f1f8b420a1,2739,Worker1,27267.39111328125,27277.001220703125,0,27267
af4db3e4-2f01-40ce-bb36-c9f1f8b420a1,2740,Worker1,27274.165283203125,27285.001220703125,0,27274
af4db3e4-2f01-40ce-bb36-c9f1f8b420a1,2741,Worker1,27279.30712890625,27290.001220703125,0,27279
af4db3e4-2f01-40ce-bb36-c9f1f8b420a1,2742,Worker1,27281.119140625,27292.001220703125,0,27281
af4db3e4-2f01-40ce-bb36-c9f1f8b420a1,2743,Worker1,27282.09326171875,27294.001220703125,0,27282
af4db3e4-2f01-40ce-bb36-c9f1f8b420a1,2744,Worker1,27288.350341796875,27300.001220703125,0,27288
af4db3e4-2f01-40ce-bb36-c9f1f8b420a1,2745,Worker1,27291.101318359375,27304.001220703125,0,27291
af4db3e4-2f01-40ce-bb36-c9f1f8b420a1,2746,Worker1,27293.1123046875,27345.001220703125,0,27293
af4db3e4-2f01-40ce-bb36-c9f1f8b420a1,2747,Worker1,27300.269287109375,27313.001220703125,0,27300
af4db3e4-2f01-40ce-bb36-c9f1f8b420a1,2748,Worker1,27305.210205078125,27318.001220703125,0,27305
af4db3e4-2f01-40ce-bb36-c9f1f8b420a1,2749,Worker1,27308.09326171875,27320.001220703125,0,27308
af4db3e4-2f01-40ce-bb36-c9f1f8b420a1,2750,Worker1,27317.373291015625,27338.001220703125,0,27317
af4db3e4-2f01-40ce-bb36-c9f1f8b420a1,2751,Worker1,27323.2392578125,27336.001220703125,0,27323
af4db3e4-2f01-40ce-bb36-c9f1f8b420a1,2752,Worker1,27327.126220703125,27338.001220703125,0,27327
af4db3e4-2f01-40ce-bb36-c9f1f8b420a1,2753,Worker1,27338.337158203125,27349.001220703125,0,27338
af4db3e4-2f01-40ce-bb36-c9f1f8b420a1,2754,Worker1,27345.131103515625,27363.001220703125,0,27345
af4db3e4-2f01-40ce-bb36-c9f1f8b420a1,2755,Worker1,27366.109130859375,27378.001220703125,0,27366
af4db3e4-2f01-40ce-bb36-c9f1f8b420a1,2756,Worker1,27369.111328125,27379.001220703125,0,27369
af4db3e4-2f01-40ce-bb36-c9f1f8b420a1,2757,Worker1,27378.25927734375,27390.001220703125,0,27378
af4db3e4-2f01-40ce-bb36-c9f1f8b420a1,2758,Worker1,27409.1181640625,27451.001220703125,0,27409
af4db3e4-2f01-40ce-bb36-c9f1f8b420a1,2759,Worker1,27426.357177734375,27437.001220703125,0,27426
af4db3e4-2f01-40ce-bb36-c9f1f8b420a1,2760,Worker1,27428.115234375,27463.001220703125,0,27428
af4db3e4-2f01-40ce-bb36-c9f1f8b420a1,2761,Worker1,27428.336181640625,27439.001220703125,0,27428
af4db3e4-2f01-40ce-bb36-c9f1f8b420a1,2762,Worker1,27433.297119140625,27445.001220703125,0,27433
af4db3e4-2f01-40ce-bb36-c9f1f8b420a1,2763,Worker1,27447.234130859375,27462.001220703125,0,27447
af4db3e4-2f01-40ce-bb36-c9f1f8b420a1,2764,Worker1,27456.209228515625,27467.001220703125,0,27456
af4db3e4-2f01-40ce-bb36-c9f1f8b420a1,2765,Worker1,27489.3251953125,27503.001220703125,0,27489
af4db3e4-2f01-40ce-bb36-c9f1f8b420a1,2766,Worker1,27493.214111328125,27511.001220703125,0,27493
af4db3e4-2f01-40ce-bb36-c9f1f8b420a1,2767,Worker1,27495.09326171875,27506.001220703125,0,27495
af4db3e4-2f01-40ce-bb36-c9f1f8b420a1,2768,Worker1,27495.289306640625,27506.001220703125,0,27495
af4db3e4-2f01-40ce-bb36-c9f1f8b420a1,2769,Worker1,27500.18115234375,27511.001220703125,0,27500
af4db3e4-2f01-40ce-bb36-c9f1f8b420a1,2770,Worker1,27514.255126953125,27525.001220703125,0,27514
af4db3e4-2f01-40ce-bb36-c9f1f8b420a1,2771,Worker1,27524.119140625,27537.001220703125,0,27524
af4db3e4-2f01-40ce-bb36-c9f1f8b420a1,2772,Worker1,27530.188232421875,27540.001220703125,0,27530
af4db3e4-2f01-40ce-bb36-c9f1f8b420a1,2773,Worker1,27547.1162109375,27559.001220703125,0,27547
af4db3e4-2f01-40ce-bb36-c9f1f8b420a1,2774,Worker1,27549.087158203125,27560.001220703125,0,27549
af4db3e4-2f01-40ce-bb36-c9f1f8b420a1,2775,Worker1,27557.17431640625,27567.001220703125,0,27557
af4db3e4-2f01-40ce-bb36-c9f1f8b420a1,2776,Worker1,27581.210205078125,27592.001220703125,0,27581
af4db3e4-2f01-40ce-bb36-c9f1f8b420a1,2777,Worker1,27584.11328125,27595.001220703125,0,27584
af4db3e4-2f01-40ce-bb36-c9f1f8b420a1,2778,Worker1,27594.13623046875,27605.001220703125,0,27594
af4db3e4-2f01-40ce-bb36-c9f1f8b420a1,2779,Worker1,27632.187255859375,27644.001220703125,0,27632
af4db3e4-2f01-40ce-bb36-c9f1f8b420a1,2780,Worker1,27650.150146484375,27658.001220703125,0,27650
af4db3e4-2f01-40ce-bb36-c9f1f8b420a1,2781,Worker1,27662.170166015625,27674.001220703125,0,27662
af4db3e4-2f01-40ce-bb36-c9f1f8b420a1,2782,Worker1,27670.188232421875,27681.001220703125,0,27670
af4db3e4-2f01-40ce-bb36-c9f1f8b420a1,2783,Worker1,27695.277099609375,27706.001220703125,0,27695
af4db3e4-2f01-40ce-bb36-c9f1f8b420a1,2784,Worker1,27698.115234375,27709.001220703125,0,27698
af4db3e4-2f01-40ce-bb36-c9f1f8b420a1,2785,Worker1,27699.09716796875,27716.001220703125,0,27699
af4db3e4-2f01-40ce-bb36-c9f1f8b420a1,2786,Worker1,27742.191162109375,27756.001220703125,0,27742
af4db3e4-2f01-40ce-bb36-c9f1f8b420a1,2787,Worker1,27746.269287109375,27756.001220703125,0,27746
af4db3e4-2f01-40ce-bb36-c9f1f8b420a1,2788,Worker1,27758.1611328125,27786.001220703125,0,27758
af4db3e4-2f01-40ce-bb36-c9f1f8b420a1,2789,Worker1,27766.111328125,27779.001220703125,0,27766
af4db3e4-2f01-40ce-bb36-c9f1f8b420a1,2790,Worker1,27771.1943359375,27783.001220703125,0,27771
af4db3e4-2f01-40ce-bb36-c9f1f8b420a1,2791,Worker1,27786.17333984375,27800.001220703125,0,27786
af4db3e4-2f01-40ce-bb36-c9f1f8b420a1,2792,Worker1,27796.125244140625,27819.001220703125,0,27796
af4db3e4-2f01-40ce-bb36-c9f1f8b420a1,2793,Worker1,27871.251220703125,27881.001220703125,0,27871
af4db3e4-2f01-40ce-bb36-c9f1f8b420a1,2794,Worker1,27890.1943359375,27900.001220703125,0,27890
af4db3e4-2f01-40ce-bb36-c9f1f8b420a1,2795,Worker1,27892.1171875,27977.001220703125,0,27892
af4db3e4-2f01-40ce-bb36-c9f1f8b420a1,2796,Worker1,27893.09326171875,27904.001220703125,0,27893
af4db3e4-2f01-40ce-bb36-c9f1f8b420a1,2797,Worker1,27920.211181640625,27933.001220703125,0,27920
af4db3e4-2f01-40ce-bb36-c9f1f8b420a1,2798,Worker1,27935.287109375,27946.001220703125,0,27935
af4db3e4-2f01-40ce-bb36-c9f1f8b420a1,2799,Worker1,27945.104248046875,27956.001220703125,0,27945
af4db3e4-2f01-40ce-bb36-c9f1f8b420a1,2800,Worker1,27952.123291015625,27963.001220703125,0,27952
af4db3e4-2f01-40ce-bb36-c9f1f8b420a1,2801,Worker1,27957.119140625,27970.001220703125,0,27957
af4db3e4-2f01-40ce-bb36-c9f1f8b420a1,2802,Worker1,27970.21826171875,27982.001220703125,0,27970
af4db3e4-2f01-40ce-bb36-c9f1f8b420a1,2803,Worker1,27971.106201171875,27981.001220703125,0,27971
af4db3e4-2f01-40ce-bb36-c9f1f8b420a1,2804,Worker1,27977.247314453125,27990.001220703125,0,27977
af4db3e4-2f01-40ce-bb36-c9f1f8b420a1,2805,Worker1,27981.17626953125,27997.001220703125,0,27981
af4db3e4-2f01-40ce-bb36-c9f1f8b420a1,2806,Worker1,27983.108154296875,27994.001220703125,0,27983
af4db3e4-2f01-40ce-bb36-c9f1f8b420a1,2807,Worker1,27990.145263671875,28004.001220703125,0,27990
af4db3e4-2f01-40ce-bb36-c9f1f8b420a1,2808,Worker1,27995.172119140625,28006.001220703125,0,27995
af4db3e4-2f01-40ce-bb36-c9f1f8b420a1,2809,Worker1,28008.1171875,28024.001220703125,0,28008
af4db3e4-2f01-40ce-bb36-c9f1f8b420a1,2810,Worker1,28009.103271484375,28021.001220703125,0,28009
af4db3e4-2f01-40ce-bb36-c9f1f8b420a1,2811,Worker1,28015.21728515625,28025.001220703125,0,28015
af4db3e4-2f01-40ce-bb36-c9f1f8b420a1,2812,Worker1,28031.328125,28055.001220703125,0,28031
af4db3e4-2f01-40ce-bb36-c9f1f8b420a1,2813,Worker1,28033.106201171875,28044.001220703125,0,28033
af4db3e4-2f01-40ce-bb36-c9f1f8b420a1,2814,Worker1,28040.09814453125,28054.001220703125,0,28040
af4db3e4-2f01-40ce-bb36-c9f1f8b420a1,2815,Worker1,28062.2431640625,28083.001220703125,0,28062
af4db3e4-2f01-40ce-bb36-c9f1f8b420a1,2816,Worker1,28065.105224609375,28076.001220703125,0,28065
af4db3e4-2f01-40ce-bb36-c9f1f8b420a1,2817,Worker1,28066.09716796875,28081.001220703125,0,28066
af4db3e4-2f01-40ce-bb36-c9f1f8b420a1,2818,Worker1,28072.25927734375,28082.001220703125,0,28072
af4db3e4-2f01-40ce-bb36-c9f1f8b420a1,2819,Worker1,28089.270263671875,28102.001220703125,0,28089
af4db3e4-2f01-40ce-bb36-c9f1f8b420a1,2820,Worker1,28100.22412109375,28115.001220703125,0,28100
af4db3e4-2f01-40ce-bb36-c9f1f8b420a1,2821,Worker1,28108.231201171875,28120.001220703125,0,28108
af4db3e4-2f01-40ce-bb36-c9f1f8b420a1,2822,Worker1,28113.108154296875,28125.001220703125,0,28113
af4db3e4-2f01-40ce-bb36-c9f1f8b420a1,2823,Worker1,28127.171142578125,28138.001220703125,0,28127
af4db3e4-2f01-40ce-bb36-c9f1f8b420a1,2824,Worker1,28128.09814453125,28144.001220703125,0,28128
af4db3e4-2f01-40ce-bb36-c9f1f8b420a1,2825,Worker1,28134.129150390625,28146.001220703125,0,28134
af4db3e4-2f01-40ce-bb36-c9f1f8b420a1,2826,Worker1,28151.164306640625,28164.001220703125,0,28151
af4db3e4-2f01-40ce-bb36-c9f1f8b420a1,2828,Worker1,28153.26513671875,28165.001220703125,0,28153
af4db3e4-2f01-40ce-bb36-c9f1f8b420a1,2827,Worker1,28153.1142578125,28175.001220703125,0,28153
af4db3e4-2f01-40ce-bb36-c9f1f8b420a1,2829,Worker1,28158.330322265625,28170.001220703125,0,28158
af4db3e4-2f01-40ce-bb36-c9f1f8b420a1,2830,Worker1,28177.162109375,28189.001220703125,0,28177
af4db3e4-2f01-40ce-bb36-c9f1f8b420a1,2831,Worker1,28179.115234375,28191.001220703125,0,28179
af4db3e4-2f01-40ce-bb36-c9f1f8b420a1,2832,Worker1,28180.09912109375,28192.001220703125,0,28180
af4db3e4-2f01-40ce-bb36-c9f1f8b420a1,2833,Worker1,28205.17724609375,28216.001220703125,0,28205
af4db3e4-2f01-40ce-bb36-c9f1f8b420a1,2834,Worker1,28208.110107421875,28219.001220703125,0,28208
af4db3e4-2f01-40ce-bb36-c9f1f8b420a1,2835,Worker1,28218.13232421875,28228.001220703125,0,28218
af4db3e4-2f01-40ce-bb36-c9f1f8b420a1,2836,Worker1,28225.107177734375,28238.001220703125,0,28225
af4db3e4-2f01-40ce-bb36-c9f1f8b420a1,2837,Worker1,28244.13330078125,28257.001220703125,0,28244
af4db3e4-2f01-40ce-bb36-c9f1f8b420a1,2838,Worker1,28246.089111328125,28259.001220703125,0,28246
af4db3e4-2f01-40ce-bb36-c9f1f8b420a1,2839,Worker1,28254.163330078125,28274.001220703125,0,28254
af4db3e4-2f01-40ce-bb36-c9f1f8b420a1,2840,Worker1,28280.13232421875,28292.001220703125,0,28280
af4db3e4-2f01-40ce-bb36-c9f1f8b420a1,2841,Worker1,28295.234130859375,28307.001220703125,0,28295
af4db3e4-2f01-40ce-bb36-c9f1f8b420a1,2842,Worker1,28297.110107421875,28309.001220703125,0,28297
af4db3e4-2f01-40ce-bb36-c9f1f8b420a1,2843,Worker1,28304.331298828125,28332.001220703125,0,28304
af4db3e4-2f01-40ce-bb36-c9f1f8b420a1,2844,Worker1,28308.17919921875,28321.001220703125,0,28308
af4db3e4-2f01-40ce-bb36-c9f1f8b420a1,2845,Worker1,28310.101318359375,28322.001220703125,0,28310
af4db3e4-2f01-40ce-bb36-c9f1f8b420a1,2846,Worker1,28311.082275390625,28321.001220703125,0,28311
af4db3e4-2f01-40ce-bb36-c9f1f8b420a1,2847,Worker1,28317.206298828125,28329.001220703125,0,28317
af4db3e4-2f01-40ce-bb36-c9f1f8b420a1,2848,Worker1,28333.229248046875,28353.001220703125,0,28333
af4db3e4-2f01-40ce-bb36-c9f1f8b420a1,2849,Worker1,28343.2021484375,28364.001220703125,0,28343
af4db3e4-2f01-40ce-bb36-c9f1f8b420a1,2850,Worker1,28350.26220703125,28362.001220703125,0,28350
af4db3e4-2f01-40ce-bb36-c9f1f8b420a1,2851,Worker1,28371.129150390625,28380.001220703125,0,28371
af4db3e4-2f01-40ce-bb36-c9f1f8b420a1,2852,Worker1,28374.1162109375,28386.001220703125,0,28374
af4db3e4-2f01-40ce-bb36-c9f1f8b420a1,2853,Worker1,28375.104248046875,28395.001220703125,0,28375
af4db3e4-2f01-40ce-bb36-c9f1f8b420a1,2854,Worker1,28403.22119140625,28412.001220703125,0,28403
af4db3e4-2f01-40ce-bb36-c9f1f8b420a1,2855,Worker1,28419.26513671875,28430.001220703125,0,28419
af4db3e4-2f01-40ce-bb36-c9f1f8b420a1,2857,Worker1,28430.111328125,28455.001220703125,0,28430
af4db3e4-2f01-40ce-bb36-c9f1f8b420a1,2856,Worker1,28430.2841796875,28442.001220703125,0,28430
af4db3e4-2f01-40ce-bb36-c9f1f8b420a1,2858,Worker1,28435.312255859375,28446.001220703125,0,28435
af4db3e4-2f01-40ce-bb36-c9f1f8b420a1,2859,Worker1,28448.333251953125,28461.001220703125,0,28448
af4db3e4-2f01-40ce-bb36-c9f1f8b420a1,2860,Worker1,28457.2021484375,28470.001220703125,0,28457
af4db3e4-2f01-40ce-bb36-c9f1f8b420a1,2861,Worker1,28463.255126953125,28478.001220703125,0,28463
af4db3e4-2f01-40ce-bb36-c9f1f8b420a1,2862,Worker1,28467.111328125,28477.001220703125,0,28467
af4db3e4-2f01-40ce-bb36-c9f1f8b420a1,2863,Worker1,28478.105224609375,28488.001220703125,0,28478
af4db3e4-2f01-40ce-bb36-c9f1f8b420a1,2864,Worker1,28478.1171875,28488.001220703125,0,28478
af4db3e4-2f01-40ce-bb36-c9f1f8b420a1,2865,Worker1,28483.230224609375,28495.001220703125,0,28483
af4db3e4-2f01-40ce-bb36-c9f1f8b420a1,2866,Worker1,28486.1953125,28498.001220703125,0,28486
af4db3e4-2f01-40ce-bb36-c9f1f8b420a1,2867,Worker1,28487.09912109375,28497.001220703125,0,28487
af4db3e4-2f01-40ce-bb36-c9f1f8b420a1,2868,Worker1,28520.361328125,28531.001220703125,0,28520
af4db3e4-2f01-40ce-bb36-c9f1f8b420a1,2869,Worker1,28524.1201171875,28535.001220703125,0,28524
af4db3e4-2f01-40ce-bb36-c9f1f8b420a1,2870,Worker1,28535.05126953125,28548.001220703125,0,28535
af4db3e4-2f01-40ce-bb36-c9f1f8b420a1,2871,Worker1,28535.275146484375,28547.001220703125,0,28535
af4db3e4-2f01-40ce-bb36-c9f1f8b420a1,2872,Worker1,28557.228271484375,28569.001220703125,0,28557
af4db3e4-2f01-40ce-bb36-c9f1f8b420a1,2873,Worker1,28560.360107421875,28570.001220703125,0,28560
af4db3e4-2f01-40ce-bb36-c9f1f8b420a1,2874,Worker1,28569.11328125,28581.001220703125,0,28569
af4db3e4-2f01-40ce-bb36-c9f1f8b420a1,2875,Worker1,28575.3193359375,28586.001220703125,0,28575
af4db3e4-2f01-40ce-bb36-c9f1f8b420a1,2876,Worker1,28593.295166015625,28604.001220703125,0,28593
af4db3e4-2f01-40ce-bb36-c9f1f8b420a1,2877,Worker1,28605.372314453125,28623.001220703125,0,28605
af4db3e4-2f01-40ce-bb36-c9f1f8b420a1,2878,Worker1,28605.365234375,28615.001220703125,0,28605
af4db3e4-2f01-40ce-bb36-c9f1f8b420a1,2879,Worker1,28610.13427734375,28623.001220703125,0,28610
af4db3e4-2f01-40ce-bb36-c9f1f8b420a1,2880,Worker1,28624.124267578125,28645.001220703125,0,28624
af4db3e4-2f01-40ce-bb36-c9f1f8b420a1,2881,Worker1,28634.13623046875,28653.001220703125,0,28634
af4db3e4-2f01-40ce-bb36-c9f1f8b420a1,2882,Worker1,28672.318115234375,28682.001220703125,0,28672
af4db3e4-2f01-40ce-bb36-c9f1f8b420a1,2883,Worker1,28690.201171875,28703.001220703125,0,28690
af4db3e4-2f01-40ce-bb36-c9f1f8b420a1,2884,Worker1,28702.130126953125,28716.001220703125,0,28702
af4db3e4-2f01-40ce-bb36-c9f1f8b420a1,2885,Worker1,28710.158203125,28719.001220703125,0,28710
af4db3e4-2f01-40ce-bb36-c9f1f8b420a1,2886,Worker1,28715.22412109375,28728.001220703125,0,28715
af4db3e4-2f01-40ce-bb36-c9f1f8b420a1,2887,Worker1,28718.111328125,28731.001220703125,0,28718
af4db3e4-2f01-40ce-bb36-c9f1f8b420a1,2888,Worker1,28728.22021484375,28741.001220703125,0,28728
af4db3e4-2f01-40ce-bb36-c9f1f8b420a1,2889,Worker1,28735.30029296875,28748.001220703125,0,28735
af4db3e4-2f01-40ce-bb36-c9f1f8b420a1,2890,Worker1,28739.169189453125,28750.001220703125,0,28739
af4db3e4-2f01-40ce-bb36-c9f1f8b420a1,2891,Worker1,28741.106201171875,28751.001220703125,0,28741
af4db3e4-2f01-40ce-bb36-c9f1f8b420a1,2892,Worker1,28749.254150390625,28760.001220703125,0,28749
af4db3e4-2f01-40ce-bb36-c9f1f8b420a1,2893,Worker1,28774.26318359375,28789.001220703125,0,28774
af4db3e4-2f01-40ce-bb36-c9f1f8b420a1,2894,Worker1,28789.1181640625,28801.001220703125,0,28789
af4db3e4-2f01-40ce-bb36-c9f1f8b420a1,2895,Worker1,28790.104248046875,28801.001220703125,0,28790
af4db3e4-2f01-40ce-bb36-c9f1f8b420a1,2896,Worker1,28797.027099609375,28813.001220703125,0,28797
af4db3e4-2f01-40ce-bb36-c9f1f8b420a1,2897,Worker1,28801.274169921875,28813.001220703125,0,28801
af4db3e4-2f01-40ce-bb36-c9f1f8b420a1,2898,Worker1,28813.151123046875,28831.001220703125,0,28813
af4db3e4-2f01-40ce-bb36-c9f1f8b420a1,2899,Worker1,28821.30322265625,28839.001220703125,0,28821
af4db3e4-2f01-40ce-bb36-c9f1f8b420a1,2900,Worker1,28827.295166015625,28839.001220703125,0,28827
af4db3e4-2f01-40ce-bb36-c9f1f8b420a1,2901,Worker1,28843.1962890625,28853.001220703125,0,28843
af4db3e4-2f01-40ce-bb36-c9f1f8b420a1,2903,Worker1,28845.1171875,28856.001220703125,0,28845
af4db3e4-2f01-40ce-bb36-c9f1f8b420a1,2902,Worker1,28845.1572265625,28856.001220703125,0,28845
af4db3e4-2f01-40ce-bb36-c9f1f8b420a1,2904,Worker1,28849.231201171875,28871.001220703125,0,28849
af4db3e4-2f01-40ce-bb36-c9f1f8b420a1,2905,Worker1,28852.13232421875,28863.001220703125,0,28852
af4db3e4-2f01-40ce-bb36-c9f1f8b420a1,2906,Worker1,28861.129150390625,28870.001220703125,0,28861
af4db3e4-2f01-40ce-bb36-c9f1f8b420a1,2907,Worker1,28889.109130859375,28904.001220703125,0,28889
af4db3e4-2f01-40ce-bb36-c9f1f8b420a1,2908,Worker1,28893.236328125,28904.001220703125,0,28893
af4db3e4-2f01-40ce-bb36-c9f1f8b420a1,2909,Worker1,28895.09130859375,28908.001220703125,0,28895
af4db3e4-2f01-40ce-bb36-c9f1f8b420a1,2910,Worker1,28902.209228515625,28989.001220703125,0,28902
af4db3e4-2f01-40ce-bb36-c9f1f8b420a1,2911,Worker1,28907.26123046875,28921.001220703125,0,28907
af4db3e4-2f01-40ce-bb36-c9f1f8b420a1,2912,Worker1,28910.115234375,28923.001220703125,0,28910
af4db3e4-2f01-40ce-bb36-c9f1f8b420a1,2913,Worker1,28911.09033203125,28924.001220703125,0,28911
af4db3e4-2f01-40ce-bb36-c9f1f8b420a1,2914,Worker1,28940.228271484375,28953.001220703125,0,28940
af4db3e4-2f01-40ce-bb36-c9f1f8b420a1,2915,Worker1,28944.127197265625,28957.001220703125,0,28944
af4db3e4-2f01-40ce-bb36-c9f1f8b420a1,2917,Worker1,28946.234130859375,28960.001220703125,0,28946
af4db3e4-2f01-40ce-bb36-c9f1f8b420a1,2916,Worker1,28946.09130859375,28960.001220703125,0,28946
af4db3e4-2f01-40ce-bb36-c9f1f8b420a1,2918,Worker1,28951.111328125,28963.001220703125,0,28951
af4db3e4-2f01-40ce-bb36-c9f1f8b420a1,2919,Worker1,28954.123291015625,28968.001220703125,0,28954
af4db3e4-2f01-40ce-bb36-c9f1f8b420a1,2920,Worker1,28955.09912109375,28964.001220703125,0,28955
af4db3e4-2f01-40ce-bb36-c9f1f8b420a1,2921,Worker1,28961.1943359375,28975.001220703125,0,28961
af4db3e4-2f01-40ce-bb36-c9f1f8b420a1,2922,Worker1,28965.1552734375,28976.001220703125,0,28965
af4db3e4-2f01-40ce-bb36-c9f1f8b420a1,2923,Worker1,28967.063232421875,28979.001220703125,0,28967
af4db3e4-2f01-40ce-bb36-c9f1f8b420a1,2924,Worker1,28975.3271484375,28990.001220703125,0,28975
af4db3e4-2f01-40ce-bb36-c9f1f8b420a1,2925,Worker1,28997.353271484375,29020.001220703125,0,28997
af4db3e4-2f01-40ce-bb36-c9f1f8b420a1,2926,Worker1,29011.21630859375,29027.001220703125,0,29011
af4db3e4-2f01-40ce-bb36-c9f1f8b420a1,2927,Worker1,29012.09814453125,29022.001220703125,0,29012
af4db3e4-2f01-40ce-bb36-c9f1f8b420a1,2928,Worker1,29045.22314453125,29063.001220703125,0,29045
af4db3e4-2f01-40ce-bb36-c9f1f8b420a1,2929,Worker1,29049.30322265625,29060.001220703125,0,29049
af4db3e4-2f01-40ce-bb36-c9f1f8b420a1,2931,Worker1,29060.29931640625,29074.001220703125,0,29060
af4db3e4-2f01-40ce-bb36-c9f1f8b420a1,2930,Worker1,29060.1171875,29073.001220703125,0,29060
af4db3e4-2f01-40ce-bb36-c9f1f8b420a1,2932,Worker1,29082.26220703125,29098.001220703125,0,29082
af4db3e4-2f01-40ce-bb36-c9f1f8b420a1,2933,Worker1,29096.246337890625,29140.001220703125,0,29096
af4db3e4-2f01-40ce-bb36-c9f1f8b420a1,2934,Worker1,29097.089111328125,29110.001220703125,0,29097
af4db3e4-2f01-40ce-bb36-c9f1f8b420a1,2935,Worker1,29103.267333984375,29116.001220703125,0,29103
af4db3e4-2f01-40ce-bb36-c9f1f8b420a1,2936,Worker1,29121.189208984375,29132.001220703125,0,29121
af4db3e4-2f01-40ce-bb36-c9f1f8b420a1,2937,Worker1,29123.1142578125,29133.001220703125,0,29123
af4db3e4-2f01-40ce-bb36-c9f1f8b420a1,2938,Worker1,29123.122314453125,29144.001220703125,0,29123
af4db3e4-2f01-40ce-bb36-c9f1f8b420a1,2939,Worker1,29147.271240234375,29160.001220703125,0,29147
af4db3e4-2f01-40ce-bb36-c9f1f8b420a1,2940,Worker1,29161.109130859375,29170.001220703125,0,29161
af4db3e4-2f01-40ce-bb36-c9f1f8b420a1,2941,Worker1,29162.102294921875,29175.001220703125,0,29162
af4db3e4-2f01-40ce-bb36-c9f1f8b420a1,2942,Worker1,29169.30029296875,29195.001220703125,0,29169
af4db3e4-2f01-40ce-bb36-c9f1f8b420a1,2943,Worker1,29187.1162109375,29196.001220703125,0,29187
af4db3e4-2f01-40ce-bb36-c9f1f8b420a1,2944,Worker1,29189.1171875,29201.001220703125,0,29189
af4db3e4-2f01-40ce-bb36-c9f1f8b420a1,2945,Worker1,29197.210205078125,29208.001220703125,0,29197
af4db3e4-2f01-40ce-bb36-c9f1f8b420a1,2946,Worker1,29221.374267578125,29231.001220703125,0,29221
af4db3e4-2f01-40ce-bb36-c9f1f8b420a1,2947,Worker1,29224.154296875,29235.001220703125,0,29224
af4db3e4-2f01-40ce-bb36-c9f1f8b420a1,2948,Worker1,29225.111328125,29239.001220703125,0,29225
af4db3e4-2f01-40ce-bb36-c9f1f8b420a1,2949,Worker1,29232.255126953125,29244.001220703125,0,29232
af4db3e4-2f01-40ce-bb36-c9f1f8b420a1,2950,Worker1,29236.289306640625,29247.001220703125,0,29236
af4db3e4-2f01-40ce-bb36-c9f1f8b420a1,2951,Worker1,29238.104248046875,29255.001220703125,0,29238
af4db3e4-2f01-40ce-bb36-c9f1f8b420a1,2952,Worker1,29246.227294921875,29258.001220703125,0,29246
af4db3e4-2f01-40ce-bb36-c9f1f8b420a1,2953,Worker1,29251.197265625,29264.001220703125,0,29251
af4db3e4-2f01-40ce-bb36-c9f1f8b420a1,2954,Worker1,29254.124267578125,29265.001220703125,0,29254
af4db3e4-2f01-40ce-bb36-c9f1f8b420a1,2955,Worker1,29255.09912109375,29268.001220703125,0,29255
af4db3e4-2f01-40ce-bb36-c9f1f8b420a1,2956,Worker1,29315.148193359375,29329.001220703125,0,29315
af4db3e4-2f01-40ce-bb36-c9f1f8b420a1,2957,Worker1,29319.109130859375,29330.001220703125,0,29319
af4db3e4-2f01-40ce-bb36-c9f1f8b420a1,2958,Worker1,29321.107177734375,29334.001220703125,0,29321
af4db3e4-2f01-40ce-bb36-c9f1f8b420a1,2959,Worker1,29329.250244140625,29342.001220703125,0,29329
af4db3e4-2f01-40ce-bb36-c9f1f8b420a1,2960,Worker1,29356.145263671875,29368.001220703125,0,29356
af4db3e4-2f01-40ce-bb36-c9f1f8b420a1,2961,Worker1,29359.1162109375,29370.001220703125,0,29359
af4db3e4-2f01-40ce-bb36-c9f1f8b420a1,2962,Worker1,29369.296142578125,29381.001220703125,0,29369
af4db3e4-2f01-40ce-bb36-c9f1f8b420a1,2963,Worker1,29376.232177734375,29389.001220703125,0,29376
af4db3e4-2f01-40ce-bb36-c9f1f8b420a1,2964,Worker1,29396.168212890625,29407.001220703125,0,29396
af4db3e4-2f01-40ce-bb36-c9f1f8b420a1,2965,Worker1,29398.1171875,29423.001220703125,0,29398
af4db3e4-2f01-40ce-bb36-c9f1f8b420a1,2966,Worker1,29407.107177734375,29418.001220703125,0,29407
af4db3e4-2f01-40ce-bb36-c9f1f8b420a1,2967,Worker1,29435.34033203125,29453.001220703125,0,29435
af4db3e4-2f01-40ce-bb36-c9f1f8b420a1,2968,Worker1,29439.256103515625,29464.001220703125,0,29439
af4db3e4-2f01-40ce-bb36-c9f1f8b420a1,2969,Worker1,29441.103271484375,29454.001220703125,0,29441
af4db3e4-2f01-40ce-bb36-c9f1f8b420a1,2970,Worker1,29448.131103515625,29459.001220703125,0,29448
af4db3e4-2f01-40ce-bb36-c9f1f8b420a1,2971,Worker1,29469.14111328125,29482.001220703125,0,29469
af4db3e4-2f01-40ce-bb36-c9f1f8b420a1,2972,Worker1,29472.1162109375,29484.001220703125,0,29472
af4db3e4-2f01-40ce-bb36-c9f1f8b420a1,2973,Worker1,29473.089111328125,29486.001220703125,0,29473
af4db3e4-2f01-40ce-bb36-c9f1f8b420a1,2974,Worker1,29479.14013671875,29490.001220703125,0,29479
af4db3e4-2f01-40ce-bb36-c9f1f8b420a1,2975,Worker1,29496.17919921875,29509.001220703125,0,29496
af4db3e4-2f01-40ce-bb36-c9f1f8b420a1,2976,Worker1,29507.13525390625,29517.001220703125,0,29507
af4db3e4-2f01-40ce-bb36-c9f1f8b420a1,2977,Worker1,29514.131103515625,29525.001220703125,0,29514
af4db3e4-2f01-40ce-bb36-c9f1f8b420a1,2978,Worker1,29535.149169921875,29548.001220703125,0,29535
af4db3e4-2f01-40ce-bb36-c9f1f8b420a1,2979,Worker1,29538.13720703125,29563.001220703125,0,29538
af4db3e4-2f01-40ce-bb36-c9f1f8b420a1,2980,Worker1,29547.232177734375,29557.001220703125,0,29547
af4db3e4-2f01-40ce-bb36-c9f1f8b420a1,2981,Worker1,29578.253173828125,29590.001220703125,0,29578
af4db3e4-2f01-40ce-bb36-c9f1f8b420a1,2982,Worker1,29582.144287109375,29592.001220703125,0,29582
af4db3e4-2f01-40ce-bb36-c9f1f8b420a1,2983,Worker1,29584.107177734375,29594.001220703125,0,29584
af4db3e4-2f01-40ce-bb36-c9f1f8b420a1,2984,Worker1,29584.274169921875,29595.001220703125,0,29584
af4db3e4-2f01-40ce-bb36-c9f1f8b420a1,2985,Worker1,29589.26123046875,29601.001220703125,0,29589
af4db3e4-2f01-40ce-bb36-c9f1f8b420a1,2986,Worker1,29593.294189453125,29605.001220703125,0,29593
af4db3e4-2f01-40ce-bb36-c9f1f8b420a1,2987,Worker1,29595.1171875,29610.001220703125,0,29595
af4db3e4-2f01-40ce-bb36-c9f1f8b420a1,2988,Worker1,29596.089111328125,29605.001220703125,0,29596
af4db3e4-2f01-40ce-bb36-c9f1f8b420a1,2989,Worker1,29620.127197265625,29632.001220703125,0,29620
af4db3e4-2f01-40ce-bb36-c9f1f8b420a1,2990,Worker1,29634.13720703125,29648.001220703125,0,29634
af4db3e4-2f01-40ce-bb36-c9f1f8b420a1,2991,Worker1,29635.111328125,29644.001220703125,0,29635
af4db3e4-2f01-40ce-bb36-c9f1f8b420a1,2992,Worker1,29642.230224609375,29656.001220703125,0,29642
af4db3e4-2f01-40ce-bb36-c9f1f8b420a1,2993,Worker1,29646.09814453125,29657.001220703125,0,29646
af4db3e4-2f01-40ce-bb36-c9f1f8b420a1,2994,Worker1,29648.09912109375,29657.001220703125,0,29648
af4db3e4-2f01-40ce-bb36-c9f1f8b420a1,2995,Worker1,29649.084228515625,29661.001220703125,0,29649
af4db3e4-2f01-40ce-bb36-c9f1f8b420a1,2996,Worker1,29654.13720703125,29665.001220703125,0,29654
af4db3e4-2f01-40ce-bb36-c9f1f8b420a1,2997,Worker1,29657.101318359375,29668.001220703125,0,29657
af4db3e4-2f01-40ce-bb36-c9f1f8b420a1,2998,Worker1,29658.09912109375,29668.001220703125,0,29658
af4db3e4-2f01-40ce-bb36-c9f1f8b420a1,2999,Worker1,29665.231201171875,29676.001220703125,0,29665
af4db3e4-2f01-40ce-bb36-c9f1f8b420a1,3000,Worker1,29684.142333984375,29697.001220703125,0,29684
af4db3e4-2f01-40ce-bb36-c9f1f8b420a1,3001,Worker1,29686.1181640625,29699.001220703125,0,29686
af4db3e4-2f01-40ce-bb36-c9f1f8b420a1,3002,Worker1,29694.130126953125,29704.001220703125,0,29694
af4db3e4-2f01-40ce-bb36-c9f1f8b420a1,3003,Worker1,29720.144287109375,29744.001220703125,0,29720
af4db3e4-2f01-40ce-bb36-c9f1f8b420a1,3004,Worker1,29723.110107421875,29736.001220703125,0,29723
af4db3e4-2f01-40ce-bb36-c9f1f8b420a1,3005,Worker1,29733.154296875,29744.001220703125,0,29733
af4db3e4-2f01-40ce-bb36-c9f1f8b420a1,3006,Worker1,29733.32421875,29746.001220703125,0,29733
af4db3e4-2f01-40ce-bb36-c9f1f8b420a1,3007,Worker1,29753.14013671875,29763.001220703125,0,29753
af4db3e4-2f01-40ce-bb36-c9f1f8b420a1,3008,Worker1,29755.107177734375,29769.001220703125,0,29755
af4db3e4-2f01-40ce-bb36-c9f1f8b420a1,3009,Worker1,29756.105224609375,29767.001220703125,0,29756
af4db3e4-2f01-40ce-bb36-c9f1f8b420a1,3010,Worker1,29784.131103515625,29794.001220703125,0,29784
af4db3e4-2f01-40ce-bb36-c9f1f8b420a1,3011,Worker1,29787.206298828125,29798.001220703125,0,29787
af4db3e4-2f01-40ce-bb36-c9f1f8b420a1,3012,Worker1,29798.13232421875,29809.001220703125,0,29798
af4db3e4-2f01-40ce-bb36-c9f1f8b420a1,3013,Worker1,29798.14111328125,29812.001220703125,0,29798
af4db3e4-2f01-40ce-bb36-c9f1f8b420a1,3014,Worker1,29803.3251953125,29820.001220703125,0,29803
af4db3e4-2f01-40ce-bb36-c9f1f8b420a1,3015,Worker1,29816.293212890625,29862.001220703125,0,29816
af4db3e4-2f01-40ce-bb36-c9f1f8b420a1,3016,Worker1,29825.339111328125,29857.001220703125,0,29825
af4db3e4-2f01-40ce-bb36-c9f1f8b420a1,3017,Worker1,29831.358154296875,29840.001220703125,0,29831
af4db3e4-2f01-40ce-bb36-c9f1f8b420a1,3018,Worker1,29847.149169921875,29858.001220703125,0,29847
af4db3e4-2f01-40ce-bb36-c9f1f8b420a1,3019,Worker1,29858.129150390625,29868.001220703125,0,29858
af4db3e4-2f01-40ce-bb36-c9f1f8b420a1,3020,Worker1,29865.1533203125,29880.001220703125,0,29865
af4db3e4-2f01-40ce-bb36-c9f1f8b420a1,3021,Worker1,29886.17919921875,29896.001220703125,0,29886
af4db3e4-2f01-40ce-bb36-c9f1f8b420a1,3022,Worker1,29889.108154296875,29902.001220703125,0,29889
af4db3e4-2f01-40ce-bb36-c9f1f8b420a1,3023,Worker1,29898.15625,29910.001220703125,0,29898
af4db3e4-2f01-40ce-bb36-c9f1f8b420a1,3024,Worker1,29904.124267578125,29919.001220703125,0,29904
af4db3e4-2f01-40ce-bb36-c9f1f8b420a1,3025,Worker1,29908.1171875,29919.001220703125,0,29908
af4db3e4-2f01-40ce-bb36-c9f1f8b420a1,3026,Worker1,29919.107177734375,29929.001220703125,0,29919
af4db3e4-2f01-40ce-bb36-c9f1f8b420a1,3027,Worker1,29919.270263671875,29931.001220703125,0,29919
af4db3e4-2f01-40ce-bb36-c9f1f8b420a1,3028,Worker1,29941.13916015625,29957.001220703125,0,29941
af4db3e4-2f01-40ce-bb36-c9f1f8b420a1,3029,Worker1,29955.333251953125,29975.001220703125,0,29955
af4db3e4-2f01-40ce-bb36-c9f1f8b420a1,3030,Worker1,29956.107177734375,29969.001220703125,0,29956
af4db3e4-2f01-40ce-bb36-c9f1f8b420a1,3031,Worker1,29988.17626953125,29999.001220703125,0,29988
af4db3e4-2f01-40ce-bb36-c9f1f8b420a1,3032,Worker1,29992.2431640625,30003.001220703125,0,29992
af4db3e4-2f01-40ce-bb36-c9f1f8b420a1,3033,Worker1,30003.21533203125,30013.001220703125,0,30003
af4db3e4-2f01-40ce-bb36-c9f1f8b420a1,3034,Worker1,30011.26025390625,30023.001220703125,0,30011
af4db3e4-2f01-40ce-bb36-c9f1f8b420a1,3035,Worker1,30016.124267578125,30028.001220703125,0,30016
af4db3e4-2f01-40ce-bb36-c9f1f8b420a1,3036,Worker1,30019.297119140625,30032.001220703125,0,30019
af4db3e4-2f01-40ce-bb36-c9f1f8b420a1,3037,Worker1,30028.212158203125,30045.001220703125,0,30028
af4db3e4-2f01-40ce-bb36-c9f1f8b420a1,3038,Worker1,30063.170166015625,30075.001220703125,0,30063
af4db3e4-2f01-40ce-bb36-c9f1f8b420a1,3039,Worker1,30081.2451171875,30105.001220703125,0,30081
af4db3e4-2f01-40ce-bb36-c9f1f8b420a1,3040,Worker1,30092.30126953125,30103.001220703125,0,30092
af4db3e4-2f01-40ce-bb36-c9f1f8b420a1,3041,Worker1,30100.109130859375,30113.001220703125,0,30100
af4db3e4-2f01-40ce-bb36-c9f1f8b420a1,3042,Worker1,30124.163330078125,30141.001220703125,0,30124
af4db3e4-2f01-40ce-bb36-c9f1f8b420a1,3043,Worker1,30138.22216796875,30176.001220703125,0,30138
af4db3e4-2f01-40ce-bb36-c9f1f8b420a1,3044,Worker1,30139.106201171875,30152.001220703125,0,30139
af4db3e4-2f01-40ce-bb36-c9f1f8b420a1,3045,Worker1,30175.188232421875,30187.001220703125,0,30175
af4db3e4-2f01-40ce-bb36-c9f1f8b420a1,3046,Worker1,30193.2841796875,30207.001220703125,0,30193
af4db3e4-2f01-40ce-bb36-c9f1f8b420a1,3047,Worker1,30205.206298828125,30216.001220703125,0,30205
af4db3e4-2f01-40ce-bb36-c9f1f8b420a1,3048,Worker1,30206.09814453125,30216.001220703125,0,30206
af4db3e4-2f01-40ce-bb36-c9f1f8b420a1,3049,Worker1,30230.30517578125,30241.001220703125,0,30230
af4db3e4-2f01-40ce-bb36-c9f1f8b420a1,3050,Worker1,30233.29833984375,30244.001220703125,0,30233
af4db3e4-2f01-40ce-bb36-c9f1f8b420a1,3051,Worker1,30234.107177734375,30246.001220703125,0,30234
af4db3e4-2f01-40ce-bb36-c9f1f8b420a1,3052,Worker1,30278.1953125,30291.001220703125,0,30278
af4db3e4-2f01-40ce-bb36-c9f1f8b420a1,3053,Worker1,30297.158203125,30310.001220703125,0,30297
af4db3e4-2f01-40ce-bb36-c9f1f8b420a1,3054,Worker1,30299.1162109375,30311.001220703125,0,30299
af4db3e4-2f01-40ce-bb36-c9f1f8b420a1,3055,Worker1,30307.205322265625,30319.001220703125,0,30307
af4db3e4-2f01-40ce-bb36-c9f1f8b420a1,3056,Worker1,30312.309326171875,30323.001220703125,0,30312
af4db3e4-2f01-40ce-bb36-c9f1f8b420a1,3057,Worker1,30327.30419921875,30340.001220703125,0,30327
af4db3e4-2f01-40ce-bb36-c9f1f8b420a1,3058,Worker1,30337.232177734375,30351.001220703125,0,30337
af4db3e4-2f01-40ce-bb36-c9f1f8b420a1,3059,Worker1,30344.128173828125,30354.001220703125,0,30344
af4db3e4-2f01-40ce-bb36-c9f1f8b420a1,3060,Worker1,30363.22314453125,30373.001220703125,0,30363
af4db3e4-2f01-40ce-bb36-c9f1f8b420a1,3061,Worker1,30375.1982421875,30386.001220703125,0,30375
af4db3e4-2f01-40ce-bb36-c9f1f8b420a1,3062,Worker1,30376.1142578125,30388.001220703125,0,30376
af4db3e4-2f01-40ce-bb36-c9f1f8b420a1,3063,Worker1,30382.111328125,30399.001220703125,0,30382
af4db3e4-2f01-40ce-bb36-c9f1f8b420a1,3064,Worker1,30397.255126953125,30421.001220703125,0,30397
af4db3e4-2f01-40ce-bb36-c9f1f8b420a1,3065,Worker1,30399.110107421875,30411.001220703125,0,30399
af4db3e4-2f01-40ce-bb36-c9f1f8b420a1,3066,Worker1,30406.13623046875,30417.001220703125,0,30406
af4db3e4-2f01-40ce-bb36-c9f1f8b420a1,3067,Worker1,30426.167236328125,30439.001220703125,0,30426
af4db3e4-2f01-40ce-bb36-c9f1f8b420a1,3068,Worker1,30428.122314453125,30451.001220703125,0,30428
af4db3e4-2f01-40ce-bb36-c9f1f8b420a1,3069,Worker1,30429.09326171875,30444.001220703125,0,30429
af4db3e4-2f01-40ce-bb36-c9f1f8b420a1,3070,Worker1,30457.312255859375,30469.001220703125,0,30457
af4db3e4-2f01-40ce-bb36-c9f1f8b420a1,3071,Worker1,30460.103271484375,30470.001220703125,0,30460
af4db3e4-2f01-40ce-bb36-c9f1f8b420a1,3072,Worker1,30462.127197265625,30483.001220703125,0,30462
af4db3e4-2f01-40ce-bb36-c9f1f8b420a1,3073,Worker1,30462.1171875,30477.001220703125,0,30462
af4db3e4-2f01-40ce-bb36-c9f1f8b420a1,3074,Worker1,30482.190185546875,30494.001220703125,0,30482
af4db3e4-2f01-40ce-bb36-c9f1f8b420a1,3075,Worker1,30485.279296875,30500.001220703125,0,30485
af4db3e4-2f01-40ce-bb36-c9f1f8b420a1,3076,Worker1,30486.102294921875,30497.001220703125,0,30486
af4db3e4-2f01-40ce-bb36-c9f1f8b420a1,3077,Worker1,30492.170166015625,30504.001220703125,0,30492
af4db3e4-2f01-40ce-bb36-c9f1f8b420a1,3078,Worker1,30496.129150390625,30508.001220703125,0,30496
af4db3e4-2f01-40ce-bb36-c9f1f8b420a1,3079,Worker1,30507.192138671875,30521.001220703125,0,30507
af4db3e4-2f01-40ce-bb36-c9f1f8b420a1,3080,Worker1,30507.1962890625,30522.001220703125,0,30507
af4db3e4-2f01-40ce-bb36-c9f1f8b420a1,3081,Worker1,30512.11328125,30531.001220703125,0,30512
af4db3e4-2f01-40ce-bb36-c9f1f8b420a1,3082,Worker1,30525.30224609375,30562.001220703125,0,30525
af4db3e4-2f01-40ce-bb36-c9f1f8b420a1,3083,Worker1,30526.09033203125,30537.001220703125,0,30526
af4db3e4-2f01-40ce-bb36-c9f1f8b420a1,3084,Worker1,30532.208251953125,30546.001220703125,0,30532
af4db3e4-2f01-40ce-bb36-c9f1f8b420a1,3085,Worker1,30549.115234375,30595.001220703125,0,30549
af4db3e4-2f01-40ce-bb36-c9f1f8b420a1,3086,Worker1,30551.1142578125,30563.001220703125,0,30551
af4db3e4-2f01-40ce-bb36-c9f1f8b420a1,3087,Worker1,30551.125244140625,30562.001220703125,0,30551
af4db3e4-2f01-40ce-bb36-c9f1f8b420a1,3088,Worker1,30556.23828125,30567.001220703125,0,30556
af4db3e4-2f01-40ce-bb36-c9f1f8b420a1,3089,Worker1,30559.09619140625,30584.001220703125,0,30559
af4db3e4-2f01-40ce-bb36-c9f1f8b420a1,3090,Worker1,30560.076171875,30578.001220703125,0,30560
af4db3e4-2f01-40ce-bb36-c9f1f8b420a1,3091,Worker1,30566.2421875,30589.001220703125,0,30566
af4db3e4-2f01-40ce-bb36-c9f1f8b420a1,3092,Worker1,30583.1162109375,30598.001220703125,0,30583
af4db3e4-2f01-40ce-bb36-c9f1f8b420a1,3094,Worker1,30585.1181640625,30597.001220703125,0,30585
af4db3e4-2f01-40ce-bb36-c9f1f8b420a1,3093,Worker1,30585.1123046875,30595.001220703125,0,30585
af4db3e4-2f01-40ce-bb36-c9f1f8b420a1,3095,Worker1,30590.1162109375,30613.001220703125,0,30590
af4db3e4-2f01-40ce-bb36-c9f1f8b420a1,3096,Worker1,30604.2802734375,30615.001220703125,0,30604
af4db3e4-2f01-40ce-bb36-c9f1f8b420a1,3097,Worker1,30605.101318359375,30635.001220703125,0,30605
af4db3e4-2f01-40ce-bb36-c9f1f8b420a1,3098,Worker1,30611.291259765625,30643.001220703125,0,30611
af4db3e4-2f01-40ce-bb36-c9f1f8b420a1,3099,Worker1,30629.100341796875,30642.001220703125,0,30629
af4db3e4-2f01-40ce-bb36-c9f1f8b420a1,3100,Worker1,30641.13232421875,30653.001220703125,0,30641
af4db3e4-2f01-40ce-bb36-c9f1f8b420a1,3101,Worker1,30649.1162109375,30661.001220703125,0,30649
af4db3e4-2f01-40ce-bb36-c9f1f8b420a1,3102,Worker1,30672.22119140625,30686.001220703125,0,30672
af4db3e4-2f01-40ce-bb36-c9f1f8b420a1,3103,Worker1,30686.151123046875,30697.001220703125,0,30686
af4db3e4-2f01-40ce-bb36-c9f1f8b420a1,3104,Worker1,30687.111328125,30698.001220703125,0,30687
af4db3e4-2f01-40ce-bb36-c9f1f8b420a1,3105,Worker1,30693.22021484375,30705.001220703125,0,30693
af4db3e4-2f01-40ce-bb36-c9f1f8b420a1,3106,Worker1,30711.150146484375,30724.001220703125,0,30711
af4db3e4-2f01-40ce-bb36-c9f1f8b420a1,3107,Worker1,30723.270263671875,30737.001220703125,0,30723
af4db3e4-2f01-40ce-bb36-c9f1f8b420a1,3108,Worker1,30724.102294921875,30736.001220703125,0,30724
af4db3e4-2f01-40ce-bb36-c9f1f8b420a1,3109,Worker1,30748.11328125,30766.001220703125,0,30748
af4db3e4-2f01-40ce-bb36-c9f1f8b420a1,3110,Worker1,30751.09033203125,30763.001220703125,0,30751
af4db3e4-2f01-40ce-bb36-c9f1f8b420a1,3111,Worker1,30761.236328125,30773.001220703125,0,30761
af4db3e4-2f01-40ce-bb36-c9f1f8b420a1,3112,Worker1,30810.251220703125,30822.001220703125,0,30810
af4db3e4-2f01-40ce-bb36-c9f1f8b420a1,3113,Worker1,30814.189208984375,30828.001220703125,0,30814
af4db3e4-2f01-40ce-bb36-c9f1f8b420a1,3114,Worker1,30816.11328125,30828.001220703125,0,30816
af4db3e4-2f01-40ce-bb36-c9f1f8b420a1,3115,Worker1,30824.121337890625,30838.001220703125,0,30824
af4db3e4-2f01-40ce-bb36-c9f1f8b420a1,3116,Worker1,30850.146240234375,30875.001220703125,0,30850
af4db3e4-2f01-40ce-bb36-c9f1f8b420a1,3117,Worker1,30865.233154296875,30883.001220703125,0,30865
af4db3e4-2f01-40ce-bb36-c9f1f8b420a1,3118,Worker1,30875.21630859375,30887.001220703125,0,30875
af4db3e4-2f01-40ce-bb36-c9f1f8b420a1,3119,Worker1,30882.144287109375,30893.001220703125,0,30882
af4db3e4-2f01-40ce-bb36-c9f1f8b420a1,3120,Worker1,30902.207275390625,30913.001220703125,0,30902
af4db3e4-2f01-40ce-bb36-c9f1f8b420a1,3121,Worker1,30904.106201171875,30916.001220703125,0,30904
af4db3e4-2f01-40ce-bb36-c9f1f8b420a1,3122,Worker1,30912.205322265625,30925.001220703125,0,30912
af4db3e4-2f01-40ce-bb36-c9f1f8b420a1,3123,Worker1,30918.203125,30943.001220703125,0,30918
af4db3e4-2f01-40ce-bb36-c9f1f8b420a1,3124,Worker1,30934.128173828125,30954.001220703125,0,30934
af4db3e4-2f01-40ce-bb36-c9f1f8b420a1,3125,Worker1,30936.110107421875,30953.001220703125,0,30936
af4db3e4-2f01-40ce-bb36-c9f1f8b420a1,3126,Worker1,30936.277099609375,30955.001220703125,0,30936
af4db3e4-2f01-40ce-bb36-c9f1f8b420a1,3127,Worker1,30956.126220703125,30967.001220703125,0,30956
af4db3e4-2f01-40ce-bb36-c9f1f8b420a1,3128,Worker1,30959.380126953125,30970.001220703125,0,30959
af4db3e4-2f01-40ce-bb36-c9f1f8b420a1,3129,Worker1,30968.1162109375,30991.001220703125,0,30968
af4db3e4-2f01-40ce-bb36-c9f1f8b420a1,3130,Worker1,30974.207275390625,30986.001220703125,0,30974
af4db3e4-2f01-40ce-bb36-c9f1f8b420a1,3131,Worker1,30990.13525390625,31001.001220703125,0,30990
af4db3e4-2f01-40ce-bb36-c9f1f8b420a1,3132,Worker1,30992.128173828125,31005.001220703125,0,30992
af4db3e4-2f01-40ce-bb36-c9f1f8b420a1,3133,Worker1,30992.1171875,31005.001220703125,0,30992
af4db3e4-2f01-40ce-bb36-c9f1f8b420a1,3134,Worker1,31013.247314453125,31035.001220703125,0,31013
af4db3e4-2f01-40ce-bb36-c9f1f8b420a1,3135,Worker1,31026.1552734375,31037.001220703125,0,31026
af4db3e4-2f01-40ce-bb36-c9f1f8b420a1,3136,Worker1,31035.225341796875,31046.001220703125,0,31035
af4db3e4-2f01-40ce-bb36-c9f1f8b420a1,3137,Worker1,31066.123291015625,31079.001220703125,0,31066
af4db3e4-2f01-40ce-bb36-c9f1f8b420a1,3138,Worker1,31070.163330078125,31080.001220703125,0,31070
af4db3e4-2f01-40ce-bb36-c9f1f8b420a1,3139,Worker1,31081.21533203125,31092.001220703125,0,31081
af4db3e4-2f01-40ce-bb36-c9f1f8b420a1,3140,Worker1,31088.272216796875,31101.001220703125,0,31088
af4db3e4-2f01-40ce-bb36-c9f1f8b420a1,3141,Worker1,31093.2841796875,31102.001220703125,0,31093
af4db3e4-2f01-40ce-bb36-c9f1f8b420a1,3142,Worker1,31096.250244140625,31110.001220703125,0,31096
af4db3e4-2f01-40ce-bb36-c9f1f8b420a1,3143,Worker1,31105.227294921875,31116.001220703125,0,31105
af4db3e4-2f01-40ce-bb36-c9f1f8b420a1,3144,Worker1,31137.17822265625,31147.001220703125,0,31137
af4db3e4-2f01-40ce-bb36-c9f1f8b420a1,3145,Worker1,31160.1611328125,31170.001220703125,0,31160
af4db3e4-2f01-40ce-bb36-c9f1f8b420a1,3146,Worker1,31174.203125,31186.001220703125,0,31174
af4db3e4-2f01-40ce-bb36-c9f1f8b420a1,3147,Worker1,31175.121337890625,31185.001220703125,0,31175
af4db3e4-2f01-40ce-bb36-c9f1f8b420a1,3148,Worker1,31181.209228515625,31192.001220703125,0,31181
af4db3e4-2f01-40ce-bb36-c9f1f8b420a1,3149,Worker1,31185.13427734375,31199.001220703125,0,31185
af4db3e4-2f01-40ce-bb36-c9f1f8b420a1,3150,Worker1,31187.109130859375,31198.001220703125,0,31187
af4db3e4-2f01-40ce-bb36-c9f1f8b420a1,3151,Worker1,31195.152099609375,31206.001220703125,0,31195
af4db3e4-2f01-40ce-bb36-c9f1f8b420a1,3152,Worker1,31219.2451171875,31229.001220703125,0,31219
af4db3e4-2f01-40ce-bb36-c9f1f8b420a1,3153,Worker1,31222.2451171875,31244.001220703125,0,31222
af4db3e4-2f01-40ce-bb36-c9f1f8b420a1,3154,Worker1,31223.088134765625,31234.001220703125,0,31223
af4db3e4-2f01-40ce-bb36-c9f1f8b420a1,3155,Worker1,31230.1201171875,31244.001220703125,0,31230
af4db3e4-2f01-40ce-bb36-c9f1f8b420a1,3156,Worker1,31234.09716796875,31248.001220703125,0,31234
af4db3e4-2f01-40ce-bb36-c9f1f8b420a1,3157,Worker1,31246.17919921875,31256.001220703125,0,31246
af4db3e4-2f01-40ce-bb36-c9f1f8b420a1,3158,Worker1,31254.233154296875,31264.001220703125,0,31254
af4db3e4-2f01-40ce-bb36-c9f1f8b420a1,3159,Worker1,31279.246337890625,31291.001220703125,0,31279
af4db3e4-2f01-40ce-bb36-c9f1f8b420a1,3160,Worker1,31282.1162109375,31293.001220703125,0,31282
af4db3e4-2f01-40ce-bb36-c9f1f8b420a1,3161,Worker1,31283.09033203125,31294.001220703125,0,31283
af4db3e4-2f01-40ce-bb36-c9f1f8b420a1,3162,Worker1,31290.158203125,31304.001220703125,0,31290
af4db3e4-2f01-40ce-bb36-c9f1f8b420a1,3163,Worker1,31294.130126953125,31306.001220703125,0,31294
af4db3e4-2f01-40ce-bb36-c9f1f8b420a1,3164,Worker1,31306.25927734375,31317.001220703125,0,31306
af4db3e4-2f01-40ce-bb36-c9f1f8b420a1,3165,Worker1,31307.102294921875,31317.001220703125,0,31307
af4db3e4-2f01-40ce-bb36-c9f1f8b420a1,3166,Worker1,31313.151123046875,31323.001220703125,0,31313
af4db3e4-2f01-40ce-bb36-c9f1f8b420a1,3167,Worker1,31328.152099609375,31338.001220703125,0,31328
af4db3e4-2f01-40ce-bb36-c9f1f8b420a1,3168,Worker1,31330.11328125,31340.001220703125,0,31330
af4db3e4-2f01-40ce-bb36-c9f1f8b420a1,3169,Worker1,31337.283203125,31346.001220703125,0,31337
af4db3e4-2f01-40ce-bb36-c9f1f8b420a1,3170,Worker1,31356.3232421875,31367.001220703125,0,31356
af4db3e4-2f01-40ce-bb36-c9f1f8b420a1,3171,Worker1,31358.09912109375,31368.001220703125,0,31358
af4db3e4-2f01-40ce-bb36-c9f1f8b420a1,3172,Worker1,31359.09814453125,31383.001220703125,0,31359
af4db3e4-2f01-40ce-bb36-c9f1f8b420a1,3173,Worker1,31386.17431640625,31396.001220703125,0,31386
af4db3e4-2f01-40ce-bb36-c9f1f8b420a1,3174,Worker1,31402.297119140625,31418.001220703125,0,31402
af4db3e4-2f01-40ce-bb36-c9f1f8b420a1,3175,Worker1,31404.11328125,31414.001220703125,0,31404
af4db3e4-2f01-40ce-bb36-c9f1f8b420a1,3176,Worker1,31411.2041015625,31424.001220703125,0,31411
af4db3e4-2f01-40ce-bb36-c9f1f8b420a1,3177,Worker1,31431.2451171875,31442.001220703125,0,31431
af4db3e4-2f01-40ce-bb36-c9f1f8b420a1,3178,Worker1,31444.13427734375,31458.001220703125,0,31444
af4db3e4-2f01-40ce-bb36-c9f1f8b420a1,3179,Worker1,31453.30029296875,31465.001220703125,0,31453
af4db3e4-2f01-40ce-bb36-c9f1f8b420a1,3180,Worker1,31459.0771484375,31468.001220703125,0,31459
af4db3e4-2f01-40ce-bb36-c9f1f8b420a1,3181,Worker1,31475.26611328125,31488.001220703125,0,31475
af4db3e4-2f01-40ce-bb36-c9f1f8b420a1,3182,Worker1,31486.315185546875,31495.001220703125,0,31486
af4db3e4-2f01-40ce-bb36-c9f1f8b420a1,3183,Worker1,31493.17919921875,31517.001220703125,0,31493
af4db3e4-2f01-40ce-bb36-c9f1f8b420a1,3184,Worker1,31498.21533203125,31512.001220703125,0,31498
af4db3e4-2f01-40ce-bb36-c9f1f8b420a1,3185,Worker1,31501.109130859375,31513.001220703125,0,31501
af4db3e4-2f01-40ce-bb36-c9f1f8b420a1,3186,Worker1,31502.103271484375,31516.001220703125,0,31502
af4db3e4-2f01-40ce-bb36-c9f1f8b420a1,3187,Worker1,31533.283203125,31546.001220703125,0,31533
af4db3e4-2f01-40ce-bb36-c9f1f8b420a1,3188,Worker1,31550.313232421875,31560.001220703125,0,31550
af4db3e4-2f01-40ce-bb36-c9f1f8b420a1,3189,Worker1,31552.22314453125,31565.001220703125,0,31552
af4db3e4-2f01-40ce-bb36-c9f1f8b420a1,3190,Worker1,31559.267333984375,31570.001220703125,0,31559
af4db3e4-2f01-40ce-bb36-c9f1f8b420a1,3191,Worker1,31564.115234375,31583.001220703125,0,31564
af4db3e4-2f01-40ce-bb36-c9f1f8b420a1,3192,Worker1,31577.15625,31589.001220703125,0,31577
af4db3e4-2f01-40ce-bb36-c9f1f8b420a1,3193,Worker1,31578.1142578125,31590.001220703125,0,31578
af4db3e4-2f01-40ce-bb36-c9f1f8b420a1,3194,Worker1,31609.2412109375,31635.001220703125,0,31609
af4db3e4-2f01-40ce-bb36-c9f1f8b420a1,3195,Worker1,31613.17529296875,31636.001220703125,0,31613
af4db3e4-2f01-40ce-bb36-c9f1f8b420a1,3197,Worker1,31624.356201171875,31644.001220703125,0,31624
af4db3e4-2f01-40ce-bb36-c9f1f8b420a1,3196,Worker1,31624.189208984375,31635.001220703125,0,31624
af4db3e4-2f01-40ce-bb36-c9f1f8b420a1,3198,Worker1,31646.256103515625,31659.001220703125,0,31646
af4db3e4-2f01-40ce-bb36-c9f1f8b420a1,3199,Worker1,31649.29833984375,31661.001220703125,0,31649
af4db3e4-2f01-40ce-bb36-c9f1f8b420a1,3200,Worker1,31650.09228515625,31660.001220703125,0,31650
af4db3e4-2f01-40ce-bb36-c9f1f8b420a1,3201,Worker1,31685.408203125,31696.001220703125,0,31685
af4db3e4-2f01-40ce-bb36-c9f1f8b420a1,3202,Worker1,31689.233154296875,31701.001220703125,0,31689
af4db3e4-2f01-40ce-bb36-c9f1f8b420a1,3203,Worker1,31691.30810546875,31703.001220703125,0,31691
af4db3e4-2f01-40ce-bb36-c9f1f8b420a1,3204,Worker1,31691.115234375,31701.001220703125,0,31691
af4db3e4-2f01-40ce-bb36-c9f1f8b420a1,3205,Worker1,31714.146240234375,31723.001220703125,0,31714
af4db3e4-2f01-40ce-bb36-c9f1f8b420a1,3206,Worker1,31728.154296875,31739.001220703125,0,31728
af4db3e4-2f01-40ce-bb36-c9f1f8b420a1,3207,Worker1,31738.25732421875,31767.001220703125,0,31738
af4db3e4-2f01-40ce-bb36-c9f1f8b420a1,3208,Worker1,31745.2001953125,31755.001220703125,0,31745
af4db3e4-2f01-40ce-bb36-c9f1f8b420a1,3209,Worker1,31749.294189453125,31763.001220703125,0,31749
af4db3e4-2f01-40ce-bb36-c9f1f8b420a1,3210,Worker1,31751.1123046875,31762.001220703125,0,31751
af4db3e4-2f01-40ce-bb36-c9f1f8b420a1,3211,Worker1,31752.106201171875,31764.001220703125,0,31752
af4db3e4-2f01-40ce-bb36-c9f1f8b420a1,3212,Worker1,31776.13330078125,31789.001220703125,0,31776
af4db3e4-2f01-40ce-bb36-c9f1f8b420a1,3213,Worker1,31791.193115234375,31803.001220703125,0,31791
af4db3e4-2f01-40ce-bb36-c9f1f8b420a1,3214,Worker1,31801.233154296875,31823.001220703125,0,31801
af4db3e4-2f01-40ce-bb36-c9f1f8b420a1,3215,Worker1,31843.289306640625,31854.001220703125,0,31843
af4db3e4-2f01-40ce-bb36-c9f1f8b420a1,3216,Worker1,31861.14111328125,31872.001220703125,0,31861
af4db3e4-2f01-40ce-bb36-c9f1f8b420a1,3217,Worker1,31873.26416015625,31885.001220703125,0,31873
af4db3e4-2f01-40ce-bb36-c9f1f8b420a1,3218,Worker1,31881.288330078125,31891.001220703125,0,31881
af4db3e4-2f01-40ce-bb36-c9f1f8b420a1,3219,Worker1,31906.21826171875,31916.001220703125,0,31906
af4db3e4-2f01-40ce-bb36-c9f1f8b420a1,3220,Worker1,31909.29833984375,31920.001220703125,0,31909
af4db3e4-2f01-40ce-bb36-c9f1f8b420a1,3221,Worker1,31919.2421875,31932.001220703125,0,31919
af4db3e4-2f01-40ce-bb36-c9f1f8b420a1,3222,Worker1,31964.1533203125,31975.001220703125,0,31964
af4db3e4-2f01-40ce-bb36-c9f1f8b420a1,3223,Worker1,31968.23828125,31979.001220703125,0,31968
af4db3e4-2f01-40ce-bb36-c9f1f8b420a1,3224,Worker1,31980.1962890625,31991.001220703125,0,31980
af4db3e4-2f01-40ce-bb36-c9f1f8b420a1,3225,Worker1,31989.191162109375,32002.001220703125,0,31989
af4db3e4-2f01-40ce-bb36-c9f1f8b420a1,3226,Worker1,31995.28125,32006.001220703125,0,31995
af4db3e4-2f01-40ce-bb36-c9f1f8b420a1,3227,Worker1,31998.110107421875,32009.001220703125,0,31998
af4db3e4-2f01-40ce-bb36-c9f1f8b420a1,3228,Worker1,32008.124267578125,32020.001220703125,0,32008
af4db3e4-2f01-40ce-bb36-c9f1f8b420a1,3229,Worker1,32008.13330078125,32021.001220703125,0,32008
af4db3e4-2f01-40ce-bb36-c9f1f8b420a1,3230,Worker1,32012.172119140625,32023.001220703125,0,32012
af4db3e4-2f01-40ce-bb36-c9f1f8b420a1,3231,Worker1,32014.111328125,32026.001220703125,0,32014
af4db3e4-2f01-40ce-bb36-c9f1f8b420a1,3232,Worker1,32023.190185546875,32033.001220703125,0,32023
af4db3e4-2f01-40ce-bb36-c9f1f8b420a1,3233,Worker1,32051.151123046875,32062.001220703125,0,32051
af4db3e4-2f01-40ce-bb36-c9f1f8b420a1,3234,Worker1,32054.115234375,32067.001220703125,0,32054
af4db3e4-2f01-40ce-bb36-c9f1f8b420a1,3235,Worker1,32065.13427734375,32078.001220703125,0,32065
af4db3e4-2f01-40ce-bb36-c9f1f8b420a1,3236,Worker1,32065.312255859375,32091.001220703125,0,32065
af4db3e4-2f01-40ce-bb36-c9f1f8b420a1,3237,Worker1,32070.108154296875,32080.001220703125,0,32070
af4db3e4-2f01-40ce-bb36-c9f1f8b420a1,3238,Worker1,32083.205322265625,32095.001220703125,0,32083
af4db3e4-2f01-40ce-bb36-c9f1f8b420a1,3239,Worker1,32092.205322265625,32113.001220703125,0,32092
af4db3e4-2f01-40ce-bb36-c9f1f8b420a1,3240,Worker1,32121.13623046875,32133.001220703125,0,32121
af4db3e4-2f01-40ce-bb36-c9f1f8b420a1,3241,Worker1,32125.225341796875,32136.001220703125,0,32125
af4db3e4-2f01-40ce-bb36-c9f1f8b420a1,3242,Worker1,32127.106201171875,32151.001220703125,0,32127
af4db3e4-2f01-40ce-bb36-c9f1f8b420a1,3243,Worker1,32127.3232421875,32142.001220703125,0,32127
af4db3e4-2f01-40ce-bb36-c9f1f8b420a1,3244,Worker1,32132.22021484375,32145.001220703125,0,32132
af4db3e4-2f01-40ce-bb36-c9f1f8b420a1,3245,Worker1,32135.184326171875,32147.001220703125,0,32135
af4db3e4-2f01-40ce-bb36-c9f1f8b420a1,3246,Worker1,32144.1171875,32155.001220703125,0,32144
af4db3e4-2f01-40ce-bb36-c9f1f8b420a1,3247,Worker1,32150.23828125,32161.001220703125,0,32150
af4db3e4-2f01-40ce-bb36-c9f1f8b420a1,3248,Worker1,32154.21728515625,32165.001220703125,0,32154
af4db3e4-2f01-40ce-bb36-c9f1f8b420a1,3249,Worker1,32156.124267578125,32168.001220703125,0,32156
af4db3e4-2f01-40ce-bb36-c9f1f8b420a1,3250,Worker1,32164.115234375,32176.001220703125,0,32164
af4db3e4-2f01-40ce-bb36-c9f1f8b420a1,3251,Worker1,32186.14013671875,32204.001220703125,0,32186
af4db3e4-2f01-40ce-bb36-c9f1f8b420a1,3252,Worker1,32189.09326171875,32215.001220703125,0,32189
af4db3e4-2f01-40ce-bb36-c9f1f8b420a1,3253,Worker1,32198.17431640625,32209.001220703125,0,32198
af4db3e4-2f01-40ce-bb36-c9f1f8b420a1,3254,Worker1,32230.130126953125,32240.001220703125,0,32230
af4db3e4-2f01-40ce-bb36-c9f1f8b420a1,3255,Worker1,32247.26025390625,32259.001220703125,0,32247
af4db3e4-2f01-40ce-bb36-c9f1f8b420a1,3256,Worker1,32258.22314453125,32271.001220703125,0,32258
af4db3e4-2f01-40ce-bb36-c9f1f8b420a1,3257,Worker1,32266.13916015625,32276.001220703125,0,32266
af4db3e4-2f01-40ce-bb36-c9f1f8b420a1,3258,Worker1,32271.104248046875,32284.001220703125,0,32271
af4db3e4-2f01-40ce-bb36-c9f1f8b420a1,3259,Worker1,32285.273193359375,32296.001220703125,0,32285
af4db3e4-2f01-40ce-bb36-c9f1f8b420a1,3260,Worker1,32294.18310546875,32306.001220703125,0,32294
af4db3e4-2f01-40ce-bb36-c9f1f8b420a1,3261,Worker1,32330.22216796875,32342.001220703125,0,32330
af4db3e4-2f01-40ce-bb36-c9f1f8b420a1,3262,Worker1,32334.0791015625,32349.001220703125,0,32334
af4db3e4-2f01-40ce-bb36-c9f1f8b420a1,3263,Worker1,32336.09130859375,32347.001220703125,0,32336
af4db3e4-2f01-40ce-bb36-c9f1f8b420a1,3264,Worker1,32344.128173828125,32354.001220703125,0,32344
af4db3e4-2f01-40ce-bb36-c9f1f8b420a1,3265,Worker1,32349.26416015625,32367.001220703125,0,32349
af4db3e4-2f01-40ce-bb36-c9f1f8b420a1,3266,Worker1,32352.17431640625,32363.001220703125,0,32352
af4db3e4-2f01-40ce-bb36-c9f1f8b420a1,3267,Worker1,32362.13818359375,32374.001220703125,0,32362
af4db3e4-2f01-40ce-bb36-c9f1f8b420a1,3268,Worker1,32401.203125,32412.001220703125,0,32401
af4db3e4-2f01-40ce-bb36-c9f1f8b420a1,3269,Worker1,32419.166259765625,32429.001220703125,0,32419
af4db3e4-2f01-40ce-bb36-c9f1f8b420a1,3270,Worker1,32421.1201171875,32430.001220703125,0,32421
af4db3e4-2f01-40ce-bb36-c9f1f8b420a1,3271,Worker1,32429.188232421875,32441.001220703125,0,32429
af4db3e4-2f01-40ce-bb36-c9f1f8b420a1,3272,Worker1,32454.193115234375,32470.001220703125,0,32454
af4db3e4-2f01-40ce-bb36-c9f1f8b420a1,3273,Worker1,32457.13232421875,32471.001220703125,0,32457
af4db3e4-2f01-40ce-bb36-c9f1f8b420a1,3274,Worker1,32458.100341796875,32484.001220703125,0,32458
af4db3e4-2f01-40ce-bb36-c9f1f8b420a1,3275,Worker1,32465.256103515625,32476.001220703125,0,32465
af4db3e4-2f01-40ce-bb36-c9f1f8b420a1,3276,Worker1,32484.186279296875,32497.001220703125,0,32484
af4db3e4-2f01-40ce-bb36-c9f1f8b420a1,3277,Worker1,32486.110107421875,32506.001220703125,0,32486
af4db3e4-2f01-40ce-bb36-c9f1f8b420a1,3278,Worker1,32487.101318359375,32499.001220703125,0,32487
af4db3e4-2f01-40ce-bb36-c9f1f8b420a1,3279,Worker1,32492.122314453125,32502.001220703125,0,32492
af4db3e4-2f01-40ce-bb36-c9f1f8b420a1,3280,Worker1,32495.34130859375,32518.001220703125,0,32495
af4db3e4-2f01-40ce-bb36-c9f1f8b420a1,3281,Worker1,32505.26513671875,32515.001220703125,0,32505
af4db3e4-2f01-40ce-bb36-c9f1f8b420a1,3282,Worker1,32557.206298828125,32567.001220703125,0,32557
af4db3e4-2f01-40ce-bb36-c9f1f8b420a1,3283,Worker1,32561.1943359375,32571.001220703125,0,32561
af4db3e4-2f01-40ce-bb36-c9f1f8b420a1,3284,Worker1,32574.131103515625,32587.001220703125,0,32574
af4db3e4-2f01-40ce-bb36-c9f1f8b420a1,3285,Worker1,32582.187255859375,32594.001220703125,0,32582
af4db3e4-2f01-40ce-bb36-c9f1f8b420a1,3286,Worker1,32588.236328125,32598.001220703125,0,32588
af4db3e4-2f01-40ce-bb36-c9f1f8b420a1,3287,Worker1,32591.247314453125,32602.001220703125,0,32591
af4db3e4-2f01-40ce-bb36-c9f1f8b420a1,3288,Worker1,32593.111328125,32604.001220703125,0,32593
af4db3e4-2f01-40ce-bb36-c9f1f8b420a1,3289,Worker1,32600.18212890625,32611.001220703125,0,32600
af4db3e4-2f01-40ce-bb36-c9f1f8b420a1,3290,Worker1,32605.18115234375,32619.001220703125,0,32605
af4db3e4-2f01-40ce-bb36-c9f1f8b420a1,3291,Worker1,32608.212158203125,32620.001220703125,0,32608
af4db3e4-2f01-40ce-bb36-c9f1f8b420a1,3292,Worker1,32609.089111328125,32621.001220703125,0,32609
af4db3e4-2f01-40ce-bb36-c9f1f8b420a1,3293,Worker1,32615.25830078125,32626.001220703125,0,32615
af4db3e4-2f01-40ce-bb36-c9f1f8b420a1,3294,Worker1,32619.1123046875,32635.001220703125,0,32619
af4db3e4-2f01-40ce-bb36-c9f1f8b420a1,3295,Worker1,32630.21728515625,32641.001220703125,0,32630
af4db3e4-2f01-40ce-bb36-c9f1f8b420a1,3296,Worker1,32637.213134765625,32648.001220703125,0,32637
af4db3e4-2f01-40ce-bb36-c9f1f8b420a1,3297,Worker1,32642.244140625,32652.001220703125,0,32642
af4db3e4-2f01-40ce-bb36-c9f1f8b420a1,3298,Worker1,32645.110107421875,32656.001220703125,0,32645
af4db3e4-2f01-40ce-bb36-c9f1f8b420a1,3299,Worker1,32646.100341796875,32659.001220703125,0,32646
af4db3e4-2f01-40ce-bb36-c9f1f8b420a1,3300,Worker1,32652.230224609375,32663.001220703125,0,32652
af4db3e4-2f01-40ce-bb36-c9f1f8b420a1,3301,Worker1,32668.110107421875,32676.001220703125,0,32668
af4db3e4-2f01-40ce-bb36-c9f1f8b420a1,3302,Worker1,32679.26611328125,32691.001220703125,0,32679
af4db3e4-2f01-40ce-bb36-c9f1f8b420a1,3303,Worker1,32686.142333984375,32699.001220703125,0,32686
af4db3e4-2f01-40ce-bb36-c9f1f8b420a1,3304,Worker1,32691.250244140625,32703.001220703125,0,32691
af4db3e4-2f01-40ce-bb36-c9f1f8b420a1,3305,Worker1,32704.213134765625,32717.001220703125,0,32704
af4db3e4-2f01-40ce-bb36-c9f1f8b420a1,3306,Worker1,32705.09033203125,32720.001220703125,0,32705
af4db3e4-2f01-40ce-bb36-c9f1f8b420a1,3307,Worker1,32713.1962890625,32729.001220703125,0,32713
af4db3e4-2f01-40ce-bb36-c9f1f8b420a1,3308,Worker1,32736.13232421875,32746.001220703125,0,32736
af4db3e4-2f01-40ce-bb36-c9f1f8b420a1,3309,Worker1,32750.127197265625,32760.001220703125,0,32750
af4db3e4-2f01-40ce-bb36-c9f1f8b420a1,3310,Worker1,32751.105224609375,32763.001220703125,0,32751
af4db3e4-2f01-40ce-bb36-c9f1f8b420a1,3311,Worker1,32757.192138671875,32767.001220703125,0,32757
af4db3e4-2f01-40ce-bb36-c9f1f8b420a1,3312,Worker1,32775.2041015625,32800.001220703125,0,32775
af4db3e4-2f01-40ce-bb36-c9f1f8b420a1,3313,Worker1,32777.1181640625,32788.001220703125,0,32777
af4db3e4-2f01-40ce-bb36-c9f1f8b420a1,3314,Worker1,32785.1162109375,32797.001220703125,0,32785
af4db3e4-2f01-40ce-bb36-c9f1f8b420a1,3315,Worker1,32809.191162109375,32831.001220703125,0,32809
af4db3e4-2f01-40ce-bb36-c9f1f8b420a1,3316,Worker1,32812.355224609375,32825.001220703125,0,32812
af4db3e4-2f01-40ce-bb36-c9f1f8b420a1,3317,Worker1,32822.185302734375,32835.001220703125,0,32822
af4db3e4-2f01-40ce-bb36-c9f1f8b420a1,3318,Worker1,32829.05419921875,32840.001220703125,0,32829
af4db3e4-2f01-40ce-bb36-c9f1f8b420a1,3319,Worker1,32847.339111328125,32857.001220703125,0,32847
af4db3e4-2f01-40ce-bb36-c9f1f8b420a1,3320,Worker1,32859.206298828125,32871.001220703125,0,32859
af4db3e4-2f01-40ce-bb36-c9f1f8b420a1,3321,Worker1,32867.25927734375,32881.001220703125,0,32867
af4db3e4-2f01-40ce-bb36-c9f1f8b420a1,3322,Worker1,32891.208251953125,32915.001220703125,0,32891
af4db3e4-2f01-40ce-bb36-c9f1f8b420a1,3323,Worker1,32906.326171875,32915.001220703125,0,32906
af4db3e4-2f01-40ce-bb36-c9f1f8b420a1,3324,Worker1,32907.102294921875,32919.001220703125,0,32907
af4db3e4-2f01-40ce-bb36-c9f1f8b420a1,3325,Worker1,32955.187255859375,32966.001220703125,0,32955
af4db3e4-2f01-40ce-bb36-c9f1f8b420a1,3326,Worker1,32974.151123046875,32986.001220703125,0,32974
af4db3e4-2f01-40ce-bb36-c9f1f8b420a1,3327,Worker1,32976.1142578125,32990.001220703125,0,32976
af4db3e4-2f01-40ce-bb36-c9f1f8b420a1,3328,Worker1,32977.102294921875,32988.001220703125,0,32977
af4db3e4-2f01-40ce-bb36-c9f1f8b420a1,3329,Worker1,32983.396240234375,32995.001220703125,0,32983
af4db3e4-2f01-40ce-bb36-c9f1f8b420a1,3330,Worker1,32998.13720703125,33009.001220703125,0,32998
af4db3e4-2f01-40ce-bb36-c9f1f8b420a1,3332,Worker1,33008.105224609375,33019.001220703125,0,33008
af4db3e4-2f01-40ce-bb36-c9f1f8b420a1,3331,Worker1,33008.30126953125,33024.001220703125,0,33008
af4db3e4-2f01-40ce-bb36-c9f1f8b420a1,3333,Worker1,33028.352294921875,33037.001220703125,0,33028
af4db3e4-2f01-40ce-bb36-c9f1f8b420a1,3334,Worker1,33041.171142578125,33060.001220703125,0,33041
af4db3e4-2f01-40ce-bb36-c9f1f8b420a1,3335,Worker1,33050.110107421875,33063.001220703125,0,33050
af4db3e4-2f01-40ce-bb36-c9f1f8b420a1,3336,Worker1,33056.17529296875,33066.001220703125,0,33056
af4db3e4-2f01-40ce-bb36-c9f1f8b420a1,3337,Worker1,33059.232177734375,33084.001220703125,0,33059
af4db3e4-2f01-40ce-bb36-c9f1f8b420a1,3338,Worker1,33069.2451171875,33079.001220703125,0,33069
af4db3e4-2f01-40ce-bb36-c9f1f8b420a1,3339,Worker1,33069.416259765625,33082.001220703125,0,33069
af4db3e4-2f01-40ce-bb36-c9f1f8b420a1,3340,Worker1,33089.1611328125,33104.001220703125,0,33089
af4db3e4-2f01-40ce-bb36-c9f1f8b420a1,3341,Worker1,33102.212158203125,33129.001220703125,0,33102
af4db3e4-2f01-40ce-bb36-c9f1f8b420a1,3342,Worker1,33111.234130859375,33135.001220703125,0,33111
af4db3e4-2f01-40ce-bb36-c9f1f8b420a1,3343,Worker1,33139.1171875,33154.001220703125,0,33139
af4db3e4-2f01-40ce-bb36-c9f1f8b420a1,3344,Worker1,33143.2431640625,33155.001220703125,0,33143
af4db3e4-2f01-40ce-bb36-c9f1f8b420a1,3345,Worker1,33145.272216796875,33158.001220703125,0,33145
af4db3e4-2f01-40ce-bb36-c9f1f8b420a1,3346,Worker1,33145.1123046875,33159.001220703125,0,33145
af4db3e4-2f01-40ce-bb36-c9f1f8b420a1,3347,Worker1,33150.1123046875,33162.001220703125,0,33150
af4db3e4-2f01-40ce-bb36-c9f1f8b420a1,3348,Worker1,33153.1123046875,33163.001220703125,0,33153
af4db3e4-2f01-40ce-bb36-c9f1f8b420a1,3349,Worker1,33162.2783203125,33173.001220703125,0,33162
af4db3e4-2f01-40ce-bb36-c9f1f8b420a1,3350,Worker1,33168.270263671875,33185.001220703125,0,33168
af4db3e4-2f01-40ce-bb36-c9f1f8b420a1,3351,Worker1,33172.229248046875,33184.001220703125,0,33172
af4db3e4-2f01-40ce-bb36-c9f1f8b420a1,3352,Worker1,33183.34619140625,33194.001220703125,0,33183
af4db3e4-2f01-40ce-bb36-c9f1f8b420a1,3353,Worker1,33190.233154296875,33202.001220703125,0,33190
af4db3e4-2f01-40ce-bb36-c9f1f8b420a1,3354,Worker1,33195.253173828125,33217.001220703125,0,33195
af4db3e4-2f01-40ce-bb36-c9f1f8b420a1,3355,Worker1,33198.108154296875,33217.001220703125,0,33198
af4db3e4-2f01-40ce-bb36-c9f1f8b420a1,3356,Worker1,33207.111328125,33220.001220703125,0,33207
af4db3e4-2f01-40ce-bb36-c9f1f8b420a1,3357,Worker1,33213.251220703125,33228.001220703125,0,33213
af4db3e4-2f01-40ce-bb36-c9f1f8b420a1,3358,Worker1,33217.17333984375,33228.001220703125,0,33217
af4db3e4-2f01-40ce-bb36-c9f1f8b420a1,3359,Worker1,33228.109130859375,33239.001220703125,0,33228
af4db3e4-2f01-40ce-bb36-c9f1f8b420a1,3360,Worker1,33236.22412109375,33248.001220703125,0,33236
af4db3e4-2f01-40ce-bb36-c9f1f8b420a1,3361,Worker1,33241.227294921875,33261.001220703125,0,33241
af4db3e4-2f01-40ce-bb36-c9f1f8b420a1,3362,Worker1,33255.104248046875,33271.001220703125,0,33255
af4db3e4-2f01-40ce-bb36-c9f1f8b420a1,3363,Worker1,33264.126220703125,33275.001220703125,0,33264
af4db3e4-2f01-40ce-bb36-c9f1f8b420a1,3364,Worker1,33270.18115234375,33285.001220703125,0,33270
af4db3e4-2f01-40ce-bb36-c9f1f8b420a1,3365,Worker1,33274.108154296875,33284.001220703125,0,33274
af4db3e4-2f01-40ce-bb36-c9f1f8b420a1,3366,Worker1,33286.26416015625,33298.001220703125,0,33286
af4db3e4-2f01-40ce-bb36-c9f1f8b420a1,3367,Worker1,33294.13232421875,33318.001220703125,0,33294
af4db3e4-2f01-40ce-bb36-c9f1f8b420a1,3368,Worker1,33299.147216796875,33312.001220703125,0,33299
af4db3e4-2f01-40ce-bb36-c9f1f8b420a1,3369,Worker1,33313.267333984375,33335.001220703125,0,33313
af4db3e4-2f01-40ce-bb36-c9f1f8b420a1,3370,Worker1,33323.152099609375,33335.001220703125,0,33323
af4db3e4-2f01-40ce-bb36-c9f1f8b420a1,3371,Worker1,33329.1171875,33339.001220703125,0,33329
af4db3e4-2f01-40ce-bb36-c9f1f8b420a1,3372,Worker1,33347.123291015625,33386.001220703125,0,33347
af4db3e4-2f01-40ce-bb36-c9f1f8b420a1,3373,Worker1,33359.088134765625,33373.001220703125,0,33359
af4db3e4-2f01-40ce-bb36-c9f1f8b420a1,3374,Worker1,33367.142333984375,33379.001220703125,0,33367
af4db3e4-2f01-40ce-bb36-c9f1f8b420a1,3375,Worker1,33391.233154296875,33401.001220703125,0,33391
af4db3e4-2f01-40ce-bb36-c9f1f8b420a1,3376,Worker1,33406.310302734375,33418.001220703125,0,33406
af4db3e4-2f01-40ce-bb36-c9f1f8b420a1,3377,Worker1,33416.197265625,33425.001220703125,0,33416
af4db3e4-2f01-40ce-bb36-c9f1f8b420a1,3378,Worker1,33423.249267578125,33433.001220703125,0,33423
af4db3e4-2f01-40ce-bb36-c9f1f8b420a1,3379,Worker1,33427.191162109375,33441.001220703125,0,33427
af4db3e4-2f01-40ce-bb36-c9f1f8b420a1,3380,Worker1,33429.106201171875,33443.001220703125,0,33429
af4db3e4-2f01-40ce-bb36-c9f1f8b420a1,3381,Worker1,33437.34619140625,33449.001220703125,0,33437
af4db3e4-2f01-40ce-bb36-c9f1f8b420a1,3382,Worker1,33442.13623046875,33454.001220703125,0,33442
af4db3e4-2f01-40ce-bb36-c9f1f8b420a1,3383,Worker1,33445.18212890625,33461.001220703125,0,33445
af4db3e4-2f01-40ce-bb36-c9f1f8b420a1,3384,Worker1,33446.101318359375,33457.001220703125,0,33446
af4db3e4-2f01-40ce-bb36-c9f1f8b420a1,3385,Worker1,33453.3662109375,33467.001220703125,0,33453
af4db3e4-2f01-40ce-bb36-c9f1f8b420a1,3386,Worker1,33472.212158203125,33484.001220703125,0,33472
af4db3e4-2f01-40ce-bb36-c9f1f8b420a1,3387,Worker1,33484.126220703125,33502.001220703125,0,33484
af4db3e4-2f01-40ce-bb36-c9f1f8b420a1,3388,Worker1,33492.13720703125,33501.001220703125,0,33492
af4db3e4-2f01-40ce-bb36-c9f1f8b420a1,3389,Worker1,33518.39013671875,33528.001220703125,0,33518
af4db3e4-2f01-40ce-bb36-c9f1f8b420a1,3390,Worker1,33533.2431640625,33547.001220703125,0,33533
af4db3e4-2f01-40ce-bb36-c9f1f8b420a1,3391,Worker1,33543.234130859375,33554.001220703125,0,33543
af4db3e4-2f01-40ce-bb36-c9f1f8b420a1,3392,Worker1,33550.2822265625,33562.001220703125,0,33550
af4db3e4-2f01-40ce-bb36-c9f1f8b420a1,3393,Worker1,33570.146240234375,33582.001220703125,0,33570
af4db3e4-2f01-40ce-bb36-c9f1f8b420a1,3394,Worker1,33583.123291015625,33593.001220703125,0,33583
af4db3e4-2f01-40ce-bb36-c9f1f8b420a1,3395,Worker1,33592.145263671875,33602.001220703125,0,33592
af4db3e4-2f01-40ce-bb36-c9f1f8b420a1,3396,Worker1,33598.212158203125,33610.001220703125,0,33598
af4db3e4-2f01-40ce-bb36-c9f1f8b420a1,3397,Worker1,33614.146240234375,33635.001220703125,0,33614
af4db3e4-2f01-40ce-bb36-c9f1f8b420a1,3398,Worker1,33625.288330078125,33637.001220703125,0,33625
af4db3e4-2f01-40ce-bb36-c9f1f8b420a1,3399,Worker1,33632.142333984375,33644.001220703125,0,33632
af4db3e4-2f01-40ce-bb36-c9f1f8b420a1,3400,Worker1,33637.226318359375,33647.001220703125,0,33637
af4db3e4-2f01-40ce-bb36-c9f1f8b420a1,3401,Worker1,33650.226318359375,33665.001220703125,0,33650
af4db3e4-2f01-40ce-bb36-c9f1f8b420a1,3402,Worker1,33659.169189453125,33672.001220703125,0,33659
af4db3e4-2f01-40ce-bb36-c9f1f8b420a1,3403,Worker1,33665.21728515625,33678.001220703125,0,33665
af4db3e4-2f01-40ce-bb36-c9f1f8b420a1,3404,Worker1,33681.1162109375,33691.001220703125,0,33681
af4db3e4-2f01-40ce-bb36-c9f1f8b420a1,3405,Worker1,33692.1142578125,33706.001220703125,0,33692
af4db3e4-2f01-40ce-bb36-c9f1f8b420a1,3406,Worker1,33699.101318359375,33711.001220703125,0,33699
af4db3e4-2f01-40ce-bb36-c9f1f8b420a1,3407,Worker1,33720.131103515625,33730.001220703125,0,33720
af4db3e4-2f01-40ce-bb36-c9f1f8b420a1,3408,Worker1,33723.26123046875,33734.001220703125,0,33723
af4db3e4-2f01-40ce-bb36-c9f1f8b420a1,3409,Worker1,33724.105224609375,33733.001220703125,0,33724
af4db3e4-2f01-40ce-bb36-c9f1f8b420a1,3410,Worker1,33730.11328125,33743.001220703125,0,33730
af4db3e4-2f01-40ce-bb36-c9f1f8b420a1,3411,Worker1,33747.34130859375,33760.001220703125,0,33747
af4db3e4-2f01-40ce-bb36-c9f1f8b420a1,3412,Worker1,33758.146240234375,33770.001220703125,0,33758
af4db3e4-2f01-40ce-bb36-c9f1f8b420a1,3413,Worker1,33765.21923828125,33775.001220703125,0,33765
af4db3e4-2f01-40ce-bb36-c9f1f8b420a1,3414,Worker1,33787.231201171875,33802.001220703125,0,33787
af4db3e4-2f01-40ce-bb36-c9f1f8b420a1,3415,Worker1,33790.147216796875,33800.001220703125,0,33790
af4db3e4-2f01-40ce-bb36-c9f1f8b420a1,3416,Worker1,33799.1962890625,33813.001220703125,0,33799
af4db3e4-2f01-40ce-bb36-c9f1f8b420a1,3417,Worker1,33805.30126953125,33817.001220703125,0,33805
af4db3e4-2f01-40ce-bb36-c9f1f8b420a1,3418,Worker1,33822.2861328125,33834.001220703125,0,33822
af4db3e4-2f01-40ce-bb36-c9f1f8b420a1,3420,Worker1,33833.26611328125,33845.001220703125,0,33833
af4db3e4-2f01-40ce-bb36-c9f1f8b420a1,3419,Worker1,33833.13330078125,33844.001220703125,0,33833
af4db3e4-2f01-40ce-bb36-c9f1f8b420a1,3421,Worker1,33856.162109375,33867.001220703125,0,33856
af4db3e4-2f01-40ce-bb36-c9f1f8b420a1,3422,Worker1,33870.1201171875,33880.001220703125,0,33870
af4db3e4-2f01-40ce-bb36-c9f1f8b420a1,3423,Worker1,33880.2822265625,33892.001220703125,0,33880
af4db3e4-2f01-40ce-bb36-c9f1f8b420a1,3424,Worker1,33915.207275390625,33927.001220703125,0,33915
af4db3e4-2f01-40ce-bb36-c9f1f8b420a1,3425,Worker1,33932.119140625,33945.001220703125,0,33932
af4db3e4-2f01-40ce-bb36-c9f1f8b420a1,3426,Worker1,33944.189208984375,33963.001220703125,0,33944
af4db3e4-2f01-40ce-bb36-c9f1f8b420a1,3427,Worker1,33952.151123046875,33962.001220703125,0,33952
af4db3e4-2f01-40ce-bb36-c9f1f8b420a1,3428,Worker1,33957.1611328125,33969.001220703125,0,33957
af4db3e4-2f01-40ce-bb36-c9f1f8b420a1,3429,Worker1,33960.13916015625,33969.001220703125,0,33960
af4db3e4-2f01-40ce-bb36-c9f1f8b420a1,3430,Worker1,33970.171142578125,33983.001220703125,0,33970
af4db3e4-2f01-40ce-bb36-c9f1f8b420a1,3431,Worker1,34009.3251953125,34022.001220703125,0,34009
af4db3e4-2f01-40ce-bb36-c9f1f8b420a1,3432,Worker1,34027.14111328125,34037.001220703125,0,34027
af4db3e4-2f01-40ce-bb36-c9f1f8b420a1,3433,Worker1,34029.1142578125,34041.001220703125,0,34029
af4db3e4-2f01-40ce-bb36-c9f1f8b420a1,3434,Worker1,34030.09130859375,34041.001220703125,0,34030
af4db3e4-2f01-40ce-bb36-c9f1f8b420a1,3435,Worker1,34055.17333984375,34068.001220703125,0,34055
af4db3e4-2f01-40ce-bb36-c9f1f8b420a1,3436,Worker1,34070.17626953125,34079.001220703125,0,34070
af4db3e4-2f01-40ce-bb36-c9f1f8b420a1,3437,Worker1,34071.09326171875,34083.001220703125,0,34071
af4db3e4-2f01-40ce-bb36-c9f1f8b420a1,3438,Worker1,34078.144287109375,34088.001220703125,0,34078
af4db3e4-2f01-40ce-bb36-c9f1f8b420a1,3439,Worker1,34097.201171875,34108.001220703125,0,34097
af4db3e4-2f01-40ce-bb36-c9f1f8b420a1,3440,Worker1,34099.115234375,34111.001220703125,0,34099
af4db3e4-2f01-40ce-bb36-c9f1f8b420a1,3441,Worker1,34107.163330078125,34119.001220703125,0,34107
af4db3e4-2f01-40ce-bb36-c9f1f8b420a1,3442,Worker1,34133.1201171875,34146.001220703125,0,34133
af4db3e4-2f01-40ce-bb36-c9f1f8b420a1,3443,Worker1,34136.2783203125,34148.001220703125,0,34136
af4db3e4-2f01-40ce-bb36-c9f1f8b420a1,3444,Worker1,34138.104248046875,34163.001220703125,0,34138
af4db3e4-2f01-40ce-bb36-c9f1f8b420a1,3445,Worker1,34145.2451171875,34158.001220703125,0,34145
af4db3e4-2f01-40ce-bb36-c9f1f8b420a1,3446,Worker1,34164.143310546875,34176.001220703125,0,34164
af4db3e4-2f01-40ce-bb36-c9f1f8b420a1,3447,Worker1,34166.09033203125,34195.001220703125,0,34166
af4db3e4-2f01-40ce-bb36-c9f1f8b420a1,3448,Worker1,34174.18310546875,34184.001220703125,0,34174
af4db3e4-2f01-40ce-bb36-c9f1f8b420a1,3449,Worker1,34180.253173828125,34192.001220703125,0,34180
af4db3e4-2f01-40ce-bb36-c9f1f8b420a1,3450,Worker1,34195.232177734375,34217.001220703125,0,34195
af4db3e4-2f01-40ce-bb36-c9f1f8b420a1,3451,Worker1,34206.1533203125,34218.001220703125,0,34206
af4db3e4-2f01-40ce-bb36-c9f1f8b420a1,3452,Worker1,34213.144287109375,34224.001220703125,0,34213
af4db3e4-2f01-40ce-bb36-c9f1f8b420a1,3453,Worker1,34217.192138671875,34231.001220703125,0,34217
af4db3e4-2f01-40ce-bb36-c9f1f8b420a1,3454,Worker1,34219.111328125,34231.001220703125,0,34219
af4db3e4-2f01-40ce-bb36-c9f1f8b420a1,3455,Worker1,34228.142333984375,34238.001220703125,0,34228
af4db3e4-2f01-40ce-bb36-c9f1f8b420a1,3456,Worker1,34234.125244140625,34247.001220703125,0,34234
af4db3e4-2f01-40ce-bb36-c9f1f8b420a1,3457,Worker1,34250.22021484375,34282.001220703125,0,34250
af4db3e4-2f01-40ce-bb36-c9f1f8b420a1,3458,Worker1,34252.1123046875,34262.001220703125,0,34252
af4db3e4-2f01-40ce-bb36-c9f1f8b420a1,3459,Worker1,34252.121337890625,34264.001220703125,0,34252
af4db3e4-2f01-40ce-bb36-c9f1f8b420a1,3460,Worker1,34273.1953125,34284.001220703125,0,34273
af4db3e4-2f01-40ce-bb36-c9f1f8b420a1,3461,Worker1,34286.293212890625,34297.001220703125,0,34286
af4db3e4-2f01-40ce-bb36-c9f1f8b420a1,3462,Worker1,34295.1943359375,34309.001220703125,0,34295
af4db3e4-2f01-40ce-bb36-c9f1f8b420a1,3463,Worker1,34324.13427734375,34334.001220703125,0,34324
af4db3e4-2f01-40ce-bb36-c9f1f8b420a1,3464,Worker1,34340.25830078125,34350.001220703125,0,34340
af4db3e4-2f01-40ce-bb36-c9f1f8b420a1,3465,Worker1,34351.212158203125,34364.001220703125,0,34351
af4db3e4-2f01-40ce-bb36-c9f1f8b420a1,3466,Worker1,34351.21728515625,34364.001220703125,0,34351
af4db3e4-2f01-40ce-bb36-c9f1f8b420a1,3467,Worker1,34356.255126953125,34367.001220703125,0,34356
af4db3e4-2f01-40ce-bb36-c9f1f8b420a1,3468,Worker1,34360.292236328125,34377.001220703125,0,34360
af4db3e4-2f01-40ce-bb36-c9f1f8b420a1,3469,Worker1,34362.100341796875,34374.001220703125,0,34362
af4db3e4-2f01-40ce-bb36-c9f1f8b420a1,3470,Worker1,34370.18212890625,34381.001220703125,0,34370
af4db3e4-2f01-40ce-bb36-c9f1f8b420a1,3471,Worker1,34375.3291015625,34386.001220703125,0,34375
af4db3e4-2f01-40ce-bb36-c9f1f8b420a1,3472,Worker1,34378.171142578125,34399.001220703125,0,34378
af4db3e4-2f01-40ce-bb36-c9f1f8b420a1,3473,Worker1,34388.212158203125,34403.001220703125,0,34388
af4db3e4-2f01-40ce-bb36-c9f1f8b420a1,3474,Worker1,34423.2802734375,34435.001220703125,0,34423
af4db3e4-2f01-40ce-bb36-c9f1f8b420a1,3475,Worker1,34441.21923828125,34452.001220703125,0,34441
af4db3e4-2f01-40ce-bb36-c9f1f8b420a1,3476,Worker1,34453.392333984375,34477.001220703125,0,34453
af4db3e4-2f01-40ce-bb36-c9f1f8b420a1,3477,Worker1,34453.226318359375,34471.001220703125,0,34453
af4db3e4-2f01-40ce-bb36-c9f1f8b420a1,3478,Worker1,34458.22314453125,34472.001220703125,0,34458
af4db3e4-2f01-40ce-bb36-c9f1f8b420a1,3479,Worker1,34461.125244140625,34474.001220703125,0,34461
af4db3e4-2f01-40ce-bb36-c9f1f8b420a1,3480,Worker1,34471.13916015625,34483.001220703125,0,34471
af4db3e4-2f01-40ce-bb36-c9f1f8b420a1,3481,Worker1,34478.13916015625,34490.001220703125,0,34478
af4db3e4-2f01-40ce-bb36-c9f1f8b420a1,3482,Worker1,34496.38818359375,34507.001220703125,0,34496
af4db3e4-2f01-40ce-bb36-c9f1f8b420a1,3483,Worker1,34498.09619140625,34517.001220703125,0,34498
af4db3e4-2f01-40ce-bb36-c9f1f8b420a1,3484,Worker1,34499.101318359375,34510.001220703125,0,34499
af4db3e4-2f01-40ce-bb36-c9f1f8b420a1,3485,Worker1,34504.111328125,34531.001220703125,0,34504
af4db3e4-2f01-40ce-bb36-c9f1f8b420a1,3486,Worker1,34519.28125,34531.001220703125,0,34519
af4db3e4-2f01-40ce-bb36-c9f1f8b420a1,3487,Worker1,34529.09716796875,34540.001220703125,0,34529
af4db3e4-2f01-40ce-bb36-c9f1f8b420a1,3488,Worker1,34536.22412109375,34546.001220703125,0,34536
af4db3e4-2f01-40ce-bb36-c9f1f8b420a1,3489,Worker1,34540.197265625,34552.001220703125,0,34540
af4db3e4-2f01-40ce-bb36-c9f1f8b420a1,3490,Worker1,34552.189208984375,34565.001220703125,0,34552
af4db3e4-2f01-40ce-bb36-c9f1f8b420a1,3491,Worker1,34553.103271484375,34564.001220703125,0,34553
af4db3e4-2f01-40ce-bb36-c9f1f8b420a1,3492,Worker1,34579.26416015625,34590.001220703125,0,34579
af4db3e4-2f01-40ce-bb36-c9f1f8b420a1,3493,Worker1,34594.2451171875,34617.001220703125,0,34594
af4db3e4-2f01-40ce-bb36-c9f1f8b420a1,3494,Worker1,34604.13818359375,34623.001220703125,0,34604
af4db3e4-2f01-40ce-bb36-c9f1f8b420a1,3495,Worker1,34670.193115234375,34682.001220703125,0,34670
af4db3e4-2f01-40ce-bb36-c9f1f8b420a1,3496,Worker1,34689.130126953125,34703.001220703125,0,34689
af4db3e4-2f01-40ce-bb36-c9f1f8b420a1,3497,Worker1,34702.30224609375,34716.001220703125,0,34702
af4db3e4-2f01-40ce-bb36-c9f1f8b420a1,3498,Worker1,34703.106201171875,34721.001220703125,0,34703
af4db3e4-2f01-40ce-bb36-c9f1f8b420a1,3499,Worker1,34730.273193359375,34743.001220703125,0,34730
af4db3e4-2f01-40ce-bb36-c9f1f8b420a1,3500,Worker1,34733.21533203125,34746.001220703125,0,34733
af4db3e4-2f01-40ce-bb36-c9f1f8b420a1,3501,Worker1,34735.11328125,34747.001220703125,0,34735
af4db3e4-2f01-40ce-bb36-c9f1f8b420a1,3502,Worker1,34742.150146484375,34756.001220703125,0,34742
af4db3e4-2f01-40ce-bb36-c9f1f8b420a1,3503,Worker1,34747.252197265625,34757.001220703125,0,34747
af4db3e4-2f01-40ce-bb36-c9f1f8b420a1,3504,Worker1,34760.360107421875,34783.001220703125,0,34760
af4db3e4-2f01-40ce-bb36-c9f1f8b420a1,3505,Worker1,34761.041259765625,34773.001220703125,0,34761
af4db3e4-2f01-40ce-bb36-c9f1f8b420a1,3506,Worker1,34767.1533203125,34779.001220703125,0,34767
af4db3e4-2f01-40ce-bb36-c9f1f8b420a1,3507,Worker1,34783.164306640625,34804.001220703125,0,34783
af4db3e4-2f01-40ce-bb36-c9f1f8b420a1,3508,Worker1,34794.197265625,34805.001220703125,0,34794
af4db3e4-2f01-40ce-bb36-c9f1f8b420a1,3509,Worker1,34794.393310546875,34805.001220703125,0,34794
af4db3e4-2f01-40ce-bb36-c9f1f8b420a1,3510,Worker1,34799.122314453125,34809.001220703125,0,34799
af4db3e4-2f01-40ce-bb36-c9f1f8b420a1,3511,Worker1,34802.170166015625,34819.001220703125,0,34802
af4db3e4-2f01-40ce-bb36-c9f1f8b420a1,3512,Worker1,34811.25830078125,34823.001220703125,0,34811
af4db3e4-2f01-40ce-bb36-c9f1f8b420a1,3513,Worker1,34841.210205078125,34864.001220703125,0,34841
af4db3e4-2f01-40ce-bb36-c9f1f8b420a1,3514,Worker1,34858.249267578125,34869.001220703125,0,34858
af4db3e4-2f01-40ce-bb36-c9f1f8b420a1,3515,Worker1,34860.09716796875,34870.001220703125,0,34860
af4db3e4-2f01-40ce-bb36-c9f1f8b420a1,3516,Worker1,34860.28515625,34872.001220703125,0,34860
af4db3e4-2f01-40ce-bb36-c9f1f8b420a1,3517,Worker1,34882.22412109375,34897.001220703125,0,34882
af4db3e4-2f01-40ce-bb36-c9f1f8b420a1,3518,Worker1,34896.18115234375,34909.001220703125,0,34896
af4db3e4-2f01-40ce-bb36-c9f1f8b420a1,3519,Worker1,34905.15625,34924.001220703125,0,34905
af4db3e4-2f01-40ce-bb36-c9f1f8b420a1,3520,Worker1,34937.1611328125,34947.001220703125,0,34937
af4db3e4-2f01-40ce-bb36-c9f1f8b420a1,3521,Worker1,34954.17919921875,34966.001220703125,0,34954
af4db3e4-2f01-40ce-bb36-c9f1f8b420a1,3522,Worker1,34965.146240234375,34974.001220703125,0,34965
af4db3e4-2f01-40ce-bb36-c9f1f8b420a1,3523,Worker1,34973.162109375,34985.001220703125,0,34973
af4db3e4-2f01-40ce-bb36-c9f1f8b420a1,3524,Worker1,34978.2021484375,34989.001220703125,0,34978
af4db3e4-2f01-40ce-bb36-c9f1f8b420a1,3525,Worker1,34981.186279296875,34993.001220703125,0,34981
af4db3e4-2f01-40ce-bb36-c9f1f8b420a1,3526,Worker1,34982.09326171875,34993.001220703125,0,34982
af4db3e4-2f01-40ce-bb36-c9f1f8b420a1,3527,Worker1,34988.18310546875,34999.001220703125,0,34988
af4db3e4-2f01-40ce-bb36-c9f1f8b420a1,3528,Worker1,35006.184326171875,35018.001220703125,0,35006
af4db3e4-2f01-40ce-bb36-c9f1f8b420a1,3529,Worker1,35017.1943359375,35027.001220703125,0,35017
af4db3e4-2f01-40ce-bb36-c9f1f8b420a1,3530,Worker1,35025.115234375,35037.001220703125,0,35025
af4db3e4-2f01-40ce-bb36-c9f1f8b420a1,3531,Worker1,35030.18212890625,35042.001220703125,0,35030
af4db3e4-2f01-40ce-bb36-c9f1f8b420a1,3532,Worker1,35033.1982421875,35045.001220703125,0,35033
af4db3e4-2f01-40ce-bb36-c9f1f8b420a1,3533,Worker1,35043.28125,35055.001220703125,0,35043
af4db3e4-2f01-40ce-bb36-c9f1f8b420a1,3534,Worker1,35079.203125,35094.001220703125,0,35079
af4db3e4-2f01-40ce-bb36-c9f1f8b420a1,3535,Worker1,35083.2412109375,35095.001220703125,0,35083
af4db3e4-2f01-40ce-bb36-c9f1f8b420a1,3536,Worker1,35095.393310546875,35105.001220703125,0,35095
af4db3e4-2f01-40ce-bb36-c9f1f8b420a1,3537,Worker1,35096.105224609375,35107.001220703125,0,35096
af4db3e4-2f01-40ce-bb36-c9f1f8b420a1,3538,Worker1,35101.09619140625,35113.001220703125,0,35101
af4db3e4-2f01-40ce-bb36-c9f1f8b420a1,3539,Worker1,35116.186279296875,35128.001220703125,0,35116
af4db3e4-2f01-40ce-bb36-c9f1f8b420a1,3540,Worker1,35117.106201171875,35128.001220703125,0,35117
af4db3e4-2f01-40ce-bb36-c9f1f8b420a1,3541,Worker1,35161.1611328125,35169.001220703125,0,35161
af4db3e4-2f01-40ce-bb36-c9f1f8b420a1,3542,Worker1,35179.211181640625,35192.001220703125,0,35179
af4db3e4-2f01-40ce-bb36-c9f1f8b420a1,3543,Worker1,35191.3291015625,35202.001220703125,0,35191
af4db3e4-2f01-40ce-bb36-c9f1f8b420a1,3544,Worker1,35199.2802734375,35212.001220703125,0,35199
af4db3e4-2f01-40ce-bb36-c9f1f8b420a1,3545,Worker1,35224.128173828125,35238.001220703125,0,35224
af4db3e4-2f01-40ce-bb36-c9f1f8b420a1,3546,Worker1,35227.191162109375,35242.001220703125,0,35227
af4db3e4-2f01-40ce-bb36-c9f1f8b420a1,3547,Worker1,35228.088134765625,35239.001220703125,0,35228
af4db3e4-2f01-40ce-bb36-c9f1f8b420a1,3548,Worker1,35235.131103515625,35245.001220703125,0,35235
af4db3e4-2f01-40ce-bb36-c9f1f8b420a1,3549,Worker1,35239.189208984375,35263.001220703125,0,35239
af4db3e4-2f01-40ce-bb36-c9f1f8b420a1,3550,Worker1,35241.105224609375,35254.001220703125,0,35241
af4db3e4-2f01-40ce-bb36-c9f1f8b420a1,3551,Worker1,35242.078125,35252.001220703125,0,35242
af4db3e4-2f01-40ce-bb36-c9f1f8b420a1,3552,Worker1,35268.169189453125,35279.001220703125,0,35268
af4db3e4-2f01-40ce-bb36-c9f1f8b420a1,3553,Worker1,35271.11328125,35283.001220703125,0,35271
af4db3e4-2f01-40ce-bb36-c9f1f8b420a1,3554,Worker1,35273.1142578125,35285.001220703125,0,35273
af4db3e4-2f01-40ce-bb36-c9f1f8b420a1,3555,Worker1,35273.288330078125,35286.001220703125,0,35273
af4db3e4-2f01-40ce-bb36-c9f1f8b420a1,3556,Worker1,35278.247314453125,35301.001220703125,0,35278
af4db3e4-2f01-40ce-bb36-c9f1f8b420a1,3557,Worker1,35280.102294921875,35300.001220703125,0,35280
af4db3e4-2f01-40ce-bb36-c9f1f8b420a1,3558,Worker1,35281.0791015625,35291.001220703125,0,35281
af4db3e4-2f01-40ce-bb36-c9f1f8b420a1,3559,Worker1,35308.226318359375,35319.001220703125,0,35308
af4db3e4-2f01-40ce-bb36-c9f1f8b420a1,3560,Worker1,35311.2021484375,35323.001220703125,0,35311
af4db3e4-2f01-40ce-bb36-c9f1f8b420a1,3561,Worker1,35313.1201171875,35324.001220703125,0,35313
af4db3e4-2f01-40ce-bb36-c9f1f8b420a1,3562,Worker1,35320.13525390625,35331.001220703125,0,35320
af4db3e4-2f01-40ce-bb36-c9f1f8b420a1,3563,Worker1,35340.123291015625,35371.001220703125,0,35340
af4db3e4-2f01-40ce-bb36-c9f1f8b420a1,3564,Worker1,35353.3701171875,35366.001220703125,0,35353
af4db3e4-2f01-40ce-bb36-c9f1f8b420a1,3565,Worker1,35362.13720703125,35383.001220703125,0,35362
af4db3e4-2f01-40ce-bb36-c9f1f8b420a1,3566,Worker1,35390.1142578125,35407.001220703125,0,35390
af4db3e4-2f01-40ce-bb36-c9f1f8b420a1,3567,Worker1,35394.296142578125,35406.001220703125,0,35394
af4db3e4-2f01-40ce-bb36-c9f1f8b420a1,3568,Worker1,35405.192138671875,35416.001220703125,0,35405
af4db3e4-2f01-40ce-bb36-c9f1f8b420a1,3569,Worker1,35412.271240234375,35424.001220703125,0,35412
af4db3e4-2f01-40ce-bb36-c9f1f8b420a1,3570,Worker1,35417.111328125,35430.001220703125,0,35417
af4db3e4-2f01-40ce-bb36-c9f1f8b420a1,3571,Worker1,35430.22216796875,35442.001220703125,0,35430
af4db3e4-2f01-40ce-bb36-c9f1f8b420a1,3572,Worker1,35439.254150390625,35451.001220703125,0,35439
af4db3e4-2f01-40ce-bb36-c9f1f8b420a1,3573,Worker1,35471.207275390625,35483.001220703125,0,35471
af4db3e4-2f01-40ce-bb36-c9f1f8b420a1,3574,Worker1,35475.151123046875,35486.001220703125,0,35475
af4db3e4-2f01-40ce-bb36-c9f1f8b420a1,3575,Worker1,35486.106201171875,35495.001220703125,0,35486
af4db3e4-2f01-40ce-bb36-c9f1f8b420a1,3576,Worker1,35486.36328125,35498.001220703125,0,35486
af4db3e4-2f01-40ce-bb36-c9f1f8b420a1,3577,Worker1,35491.110107421875,35502.001220703125,0,35491
af4db3e4-2f01-40ce-bb36-c9f1f8b420a1,3578,Worker1,35505.2412109375,35515.001220703125,0,35505
af4db3e4-2f01-40ce-bb36-c9f1f8b420a1,3579,Worker1,35506.104248046875,35516.001220703125,0,35506
af4db3e4-2f01-40ce-bb36-c9f1f8b420a1,3580,Worker1,35539.210205078125,35551.001220703125,0,35539
af4db3e4-2f01-40ce-bb36-c9f1f8b420a1,3581,Worker1,35556.21728515625,35568.001220703125,0,35556
af4db3e4-2f01-40ce-bb36-c9f1f8b420a1,3582,Worker1,35558.26318359375,35570.001220703125,0,35558
af4db3e4-2f01-40ce-bb36-c9f1f8b420a1,3583,Worker1,35558.443115234375,35569.001220703125,0,35558
af4db3e4-2f01-40ce-bb36-c9f1f8b420a1,3584,Worker1,35563.22119140625,35574.001220703125,0,35563
af4db3e4-2f01-40ce-bb36-c9f1f8b420a1,3585,Worker1,35566.16015625,35578.001220703125,0,35566
af4db3e4-2f01-40ce-bb36-c9f1f8b420a1,3586,Worker1,35567.103271484375,35584.001220703125,0,35567
af4db3e4-2f01-40ce-bb36-c9f1f8b420a1,3587,Worker1,35573.297119140625,35585.001220703125,0,35573
af4db3e4-2f01-40ce-bb36-c9f1f8b420a1,3588,Worker1,35591.233154296875,35602.001220703125,0,35591
af4db3e4-2f01-40ce-bb36-c9f1f8b420a1,3589,Worker1,35603.17431640625,35635.001220703125,0,35603
af4db3e4-2f01-40ce-bb36-c9f1f8b420a1,3590,Worker1,35611.197265625,35622.001220703125,0,35611
af4db3e4-2f01-40ce-bb36-c9f1f8b420a1,3591,Worker1,35616.22216796875,35643.001220703125,0,35616
af4db3e4-2f01-40ce-bb36-c9f1f8b420a1,3592,Worker1,35631.337158203125,35642.001220703125,0,35631
af4db3e4-2f01-40ce-bb36-c9f1f8b420a1,3593,Worker1,35632.101318359375,35643.001220703125,0,35632
af4db3e4-2f01-40ce-bb36-c9f1f8b420a1,3594,Worker1,35638.1123046875,35648.001220703125,0,35638
af4db3e4-2f01-40ce-bb36-c9f1f8b420a1,3595,Worker1,35642.149169921875,35655.001220703125,0,35642
af4db3e4-2f01-40ce-bb36-c9f1f8b420a1,3596,Worker1,35654.124267578125,35665.001220703125,0,35654
af4db3e4-2f01-40ce-bb36-c9f1f8b420a1,3597,Worker1,35655.105224609375,35666.001220703125,0,35655
af4db3e4-2f01-40ce-bb36-c9f1f8b420a1,3598,Worker1,35660.1142578125,35671.001220703125,0,35660
af4db3e4-2f01-40ce-bb36-c9f1f8b420a1,3599,Worker1,35675.207275390625,35688.001220703125,0,35675
af4db3e4-2f01-40ce-bb36-c9f1f8b420a1,3600,Worker1,35676.101318359375,35693.001220703125,0,35676
af4db3e4-2f01-40ce-bb36-c9f1f8b420a1,3601,Worker1,35723.234130859375,35735.001220703125,0,35723
af4db3e4-2f01-40ce-bb36-c9f1f8b420a1,3602,Worker1,35727.255126953125,35738.001220703125,0,35727
af4db3e4-2f01-40ce-bb36-c9f1f8b420a1,3603,Worker1,35729.1181640625,35740.001220703125,0,35729
af4db3e4-2f01-40ce-bb36-c9f1f8b420a1,3604,Worker1,35737.22216796875,35748.001220703125,0,35737
af4db3e4-2f01-40ce-bb36-c9f1f8b420a1,3605,Worker1,35742.201171875,35757.001220703125,0,35742
af4db3e4-2f01-40ce-bb36-c9f1f8b420a1,3606,Worker1,35757.126220703125,35773.001220703125,0,35757
af4db3e4-2f01-40ce-bb36-c9f1f8b420a1,3607,Worker1,35767.361328125,35784.001220703125,0,35767
af4db3e4-2f01-40ce-bb36-c9f1f8b420a1,3608,Worker1,35774.22119140625,35786.001220703125,0,35774
af4db3e4-2f01-40ce-bb36-c9f1f8b420a1,3609,Worker1,35793.29931640625,35807.001220703125,0,35793
af4db3e4-2f01-40ce-bb36-c9f1f8b420a1,3610,Worker1,35795.103271484375,35811.001220703125,0,35795
af4db3e4-2f01-40ce-bb36-c9f1f8b420a1,3611,Worker1,35796.09716796875,35835.001220703125,0,35796
af4db3e4-2f01-40ce-bb36-c9f1f8b420a1,3612,Worker1,35802.130126953125,35815.001220703125,0,35802
af4db3e4-2f01-40ce-bb36-c9f1f8b420a1,3613,Worker1,35818.227294921875,35833.001220703125,0,35818
af4db3e4-2f01-40ce-bb36-c9f1f8b420a1,3614,Worker1,35820.1142578125,35833.001220703125,0,35820
af4db3e4-2f01-40ce-bb36-c9f1f8b420a1,3615,Worker1,35820.122314453125,35834.001220703125,0,35820
af4db3e4-2f01-40ce-bb36-c9f1f8b420a1,3616,Worker1,35840.289306640625,35852.001220703125,0,35840
af4db3e4-2f01-40ce-bb36-c9f1f8b420a1,3617,Worker1,35843.317138671875,35853.001220703125,0,35843
af4db3e4-2f01-40ce-bb36-c9f1f8b420a1,3618,Worker1,35852.1962890625,35877.001220703125,0,35852
af4db3e4-2f01-40ce-bb36-c9f1f8b420a1,3619,Worker1,35880.356201171875,35891.001220703125,0,35880
af4db3e4-2f01-40ce-bb36-c9f1f8b420a1,3620,Worker1,35896.256103515625,35907.001220703125,0,35896
af4db3e4-2f01-40ce-bb36-c9f1f8b420a1,3621,Worker1,35898.1201171875,35910.001220703125,0,35898
af4db3e4-2f01-40ce-bb36-c9f1f8b420a1,3622,Worker1,35905.13818359375,35917.001220703125,0,35905
af4db3e4-2f01-40ce-bb36-c9f1f8b420a1,3623,Worker1,35925.225341796875,35937.001220703125,0,35925
af4db3e4-2f01-40ce-bb36-c9f1f8b420a1,3624,Worker1,35928.1142578125,35942.001220703125,0,35928
af4db3e4-2f01-40ce-bb36-c9f1f8b420a1,3625,Worker1,35929.104248046875,35940.001220703125,0,35929
af4db3e4-2f01-40ce-bb36-c9f1f8b420a1,3626,Worker1,35935.197265625,35946.001220703125,0,35935
af4db3e4-2f01-40ce-bb36-c9f1f8b420a1,3627,Worker1,35939.34521484375,35953.001220703125,0,35939
af4db3e4-2f01-40ce-bb36-c9f1f8b420a1,3628,Worker1,35950.22119140625,35961.001220703125,0,35950
af4db3e4-2f01-40ce-bb36-c9f1f8b420a1,3629,Worker1,35951.100341796875,35962.001220703125,0,35951
af4db3e4-2f01-40ce-bb36-c9f1f8b420a1,3630,Worker1,35957.21923828125,35970.001220703125,0,35957
af4db3e4-2f01-40ce-bb36-c9f1f8b420a1,3631,Worker1,35961.185302734375,35973.001220703125,0,35961
af4db3e4-2f01-40ce-bb36-c9f1f8b420a1,3632,Worker1,35963.111328125,36003.001220703125,0,35963
af4db3e4-2f01-40ce-bb36-c9f1f8b420a1,3633,Worker1,35971.34326171875,35982.001220703125,0,35971
af4db3e4-2f01-40ce-bb36-c9f1f8b420a1,3634,Worker1,35976.101318359375,35988.001220703125,0,35976
af4db3e4-2f01-40ce-bb36-c9f1f8b420a1,3635,Worker1,35979.1162109375,35990.001220703125,0,35979
af4db3e4-2f01-40ce-bb36-c9f1f8b420a1,3636,Worker1,35989.115234375,35999.001220703125,0,35989
af4db3e4-2f01-40ce-bb36-c9f1f8b420a1,3637,Worker1,36026.17822265625,36037.001220703125,0,36026
af4db3e4-2f01-40ce-bb36-c9f1f8b420a1,3638,Worker1,36030.168212890625,36042.001220703125,0,36030
af4db3e4-2f01-40ce-bb36-c9f1f8b420a1,3639,Worker1,36042.1533203125,36052.001220703125,0,36042
af4db3e4-2f01-40ce-bb36-c9f1f8b420a1,3640,Worker1,36043.09033203125,36057.001220703125,0,36043
af4db3e4-2f01-40ce-bb36-c9f1f8b420a1,3641,Worker1,36048.131103515625,36061.001220703125,0,36048
af4db3e4-2f01-40ce-bb36-c9f1f8b420a1,3642,Worker1,36062.144287109375,36075.001220703125,0,36062
af4db3e4-2f01-40ce-bb36-c9f1f8b420a1,3643,Worker1,36063.101318359375,36073.001220703125,0,36063
af4db3e4-2f01-40ce-bb36-c9f1f8b420a1,3644,Worker1,36070.276123046875,36082.001220703125,0,36070
af4db3e4-2f01-40ce-bb36-c9f1f8b420a1,3645,Worker1,36074.127197265625,36088.001220703125,0,36074
af4db3e4-2f01-40ce-bb36-c9f1f8b420a1,3646,Worker1,36076.086181640625,36087.001220703125,0,36076
af4db3e4-2f01-40ce-bb36-c9f1f8b420a1,3647,Worker1,36084.254150390625,36097.001220703125,0,36084
af4db3e4-2f01-40ce-bb36-c9f1f8b420a1,3648,Worker1,36108.149169921875,36119.001220703125,0,36108
af4db3e4-2f01-40ce-bb36-c9f1f8b420a1,3649,Worker1,36111.36328125,36135.001220703125,0,36111
af4db3e4-2f01-40ce-bb36-c9f1f8b420a1,3650,Worker1,36121.103271484375,36134.001220703125,0,36121
af4db3e4-2f01-40ce-bb36-c9f1f8b420a1,3651,Worker1,36128.13427734375,36140.001220703125,0,36128
af4db3e4-2f01-40ce-bb36-c9f1f8b420a1,3652,Worker1,36132.29833984375,36146.001220703125,0,36132
af4db3e4-2f01-40ce-bb36-c9f1f8b420a1,3653,Worker1,36134.111328125,36146.001220703125,0,36134
af4db3e4-2f01-40ce-bb36-c9f1f8b420a1,3654,Worker1,36135.102294921875,36146.001220703125,0,36135
af4db3e4-2f01-40ce-bb36-c9f1f8b420a1,3655,Worker1,36161.232177734375,36172.001220703125,0,36161
af4db3e4-2f01-40ce-bb36-c9f1f8b420a1,3656,Worker1,36164.111328125,36175.001220703125,0,36164
af4db3e4-2f01-40ce-bb36-c9f1f8b420a1,3657,Worker1,36166.109130859375,36181.001220703125,0,36166
af4db3e4-2f01-40ce-bb36-c9f1f8b420a1,3658,Worker1,36224.16015625,36235.001220703125,0,36224
af4db3e4-2f01-40ce-bb36-c9f1f8b420a1,3659,Worker1,36244.147216796875,36255.001220703125,0,36244
af4db3e4-2f01-40ce-bb36-c9f1f8b420a1,3660,Worker1,36257.151123046875,36270.001220703125,0,36257
af4db3e4-2f01-40ce-bb36-c9f1f8b420a1,3661,Worker1,36266.145263671875,36278.001220703125,0,36266
af4db3e4-2f01-40ce-bb36-c9f1f8b420a1,3662,Worker1,36272.123291015625,36282.001220703125,0,36272
af4db3e4-2f01-40ce-bb36-c9f1f8b420a1,3663,Worker1,36288.130126953125,36298.001220703125,0,36288
af4db3e4-2f01-40ce-bb36-c9f1f8b420a1,3664,Worker1,36290.111328125,36302.001220703125,0,36290
af4db3e4-2f01-40ce-bb36-c9f1f8b420a1,3665,Worker1,36290.268310546875,36301.001220703125,0,36290
af4db3e4-2f01-40ce-bb36-c9f1f8b420a1,3666,Worker1,36310.185302734375,36371.001220703125,0,36310
af4db3e4-2f01-40ce-bb36-c9f1f8b420a1,3667,Worker1,36313.1181640625,36323.001220703125,0,36313
af4db3e4-2f01-40ce-bb36-c9f1f8b420a1,3668,Worker1,36314.09912109375,36329.001220703125,0,36314
af4db3e4-2f01-40ce-bb36-c9f1f8b420a1,3669,Worker1,36343.226318359375,36354.001220703125,0,36343
af4db3e4-2f01-40ce-bb36-c9f1f8b420a1,3670,Worker1,36347.1943359375,36358.001220703125,0,36347
af4db3e4-2f01-40ce-bb36-c9f1f8b420a1,3671,Worker1,36358.309326171875,36368.001220703125,0,36358
af4db3e4-2f01-40ce-bb36-c9f1f8b420a1,3672,Worker1,36358.13525390625,36369.001220703125,0,36358
af4db3e4-2f01-40ce-bb36-c9f1f8b420a1,3673,Worker1,36379.26416015625,36390.001220703125,0,36379
af4db3e4-2f01-40ce-bb36-c9f1f8b420a1,3674,Worker1,36392.235107421875,36409.001220703125,0,36392
af4db3e4-2f01-40ce-bb36-c9f1f8b420a1,3675,Worker1,36401.129150390625,36413.001220703125,0,36401
af4db3e4-2f01-40ce-bb36-c9f1f8b420a1,3676,Worker1,36407.119140625,36420.001220703125,0,36407
af4db3e4-2f01-40ce-bb36-c9f1f8b420a1,3677,Worker1,36411.277099609375,36421.001220703125,0,36411
af4db3e4-2f01-40ce-bb36-c9f1f8b420a1,3678,Worker1,36413.1123046875,36435.001220703125,0,36413
af4db3e4-2f01-40ce-bb36-c9f1f8b420a1,3679,Worker1,36420.1181640625,36432.001220703125,0,36420
af4db3e4-2f01-40ce-bb36-c9f1f8b420a1,3680,Worker1,36441.268310546875,36464.001220703125,0,36441
af4db3e4-2f01-40ce-bb36-c9f1f8b420a1,3681,Worker1,36454.189208984375,36464.001220703125,0,36454
af4db3e4-2f01-40ce-bb36-c9f1f8b420a1,3682,Worker1,36455.09619140625,36466.001220703125,0,36455
af4db3e4-2f01-40ce-bb36-c9f1f8b420a1,3683,Worker1,36461.240234375,36472.001220703125,0,36461
af4db3e4-2f01-40ce-bb36-c9f1f8b420a1,3684,Worker1,36465.267333984375,36477.001220703125,0,36465
af4db3e4-2f01-40ce-bb36-c9f1f8b420a1,3685,Worker1,36467.11328125,36478.001220703125,0,36467
af4db3e4-2f01-40ce-bb36-c9f1f8b420a1,3686,Worker1,36475.19921875,36486.001220703125,0,36475
af4db3e4-2f01-40ce-bb36-c9f1f8b420a1,3687,Worker1,36480.171142578125,36503.001220703125,0,36480
af4db3e4-2f01-40ce-bb36-c9f1f8b420a1,3688,Worker1,36494.17822265625,36505.001220703125,0,36494
af4db3e4-2f01-40ce-bb36-c9f1f8b420a1,3689,Worker1,36495.104248046875,36507.001220703125,0,36495
af4db3e4-2f01-40ce-bb36-c9f1f8b420a1,3690,Worker1,36501.21533203125,36524.001220703125,0,36501
af4db3e4-2f01-40ce-bb36-c9f1f8b420a1,3691,Worker1,36519.206298828125,36531.001220703125,0,36519
af4db3e4-2f01-40ce-bb36-c9f1f8b420a1,3692,Worker1,36531.26220703125,36542.001220703125,0,36531
af4db3e4-2f01-40ce-bb36-c9f1f8b420a1,3693,Worker1,36531.26513671875,36544.001220703125,0,36531
af4db3e4-2f01-40ce-bb36-c9f1f8b420a1,3694,Worker1,36536.1123046875,36547.001220703125,0,36536
af4db3e4-2f01-40ce-bb36-c9f1f8b420a1,3695,Worker1,36539.109130859375,36552.001220703125,0,36539
af4db3e4-2f01-40ce-bb36-c9f1f8b420a1,3696,Worker1,36549.101318359375,36561.001220703125,0,36549
af4db3e4-2f01-40ce-bb36-c9f1f8b420a1,3697,Worker1,36555.21728515625,36568.001220703125,0,36555
af4db3e4-2f01-40ce-bb36-c9f1f8b420a1,3698,Worker1,36573.42919921875,36587.001220703125,0,36573
af4db3e4-2f01-40ce-bb36-c9f1f8b420a1,3699,Worker1,36585.129150390625,36596.001220703125,0,36585
af4db3e4-2f01-40ce-bb36-c9f1f8b420a1,3700,Worker1,36593.18115234375,36613.001220703125,0,36593
af4db3e4-2f01-40ce-bb36-c9f1f8b420a1,3701,Worker1,36598.13818359375,36612.001220703125,0,36598
af4db3e4-2f01-40ce-bb36-c9f1f8b420a1,3702,Worker1,36613.251220703125,36630.001220703125,0,36613
af4db3e4-2f01-40ce-bb36-c9f1f8b420a1,3703,Worker1,36623.227294921875,36634.001220703125,0,36623
af4db3e4-2f01-40ce-bb36-c9f1f8b420a1,3704,Worker1,36664.145263671875,36676.001220703125,0,36664
af4db3e4-2f01-40ce-bb36-c9f1f8b420a1,3705,Worker1,36668.17431640625,36679.001220703125,0,36668
af4db3e4-2f01-40ce-bb36-c9f1f8b420a1,3706,Worker1,36680.1181640625,36694.001220703125,0,36680
af4db3e4-2f01-40ce-bb36-c9f1f8b420a1,3707,Worker1,36681.104248046875,36693.001220703125,0,36681
af4db3e4-2f01-40ce-bb36-c9f1f8b420a1,3708,Worker1,36706.201171875,36716.001220703125,0,36706
af4db3e4-2f01-40ce-bb36-c9f1f8b420a1,3709,Worker1,36709.13525390625,36721.001220703125,0,36709
af4db3e4-2f01-40ce-bb36-c9f1f8b420a1,3710,Worker1,36710.106201171875,36722.001220703125,0,36710
af4db3e4-2f01-40ce-bb36-c9f1f8b420a1,3711,Worker1,36717.2412109375,36729.001220703125,0,36717
af4db3e4-2f01-40ce-bb36-c9f1f8b420a1,3712,Worker1,36736.13232421875,36751.001220703125,0,36736
af4db3e4-2f01-40ce-bb36-c9f1f8b420a1,3713,Worker1,36748.25830078125,36779.001220703125,0,36748
af4db3e4-2f01-40ce-bb36-c9f1f8b420a1,3714,Worker1,36749.09716796875,36761.001220703125,0,36749
af4db3e4-2f01-40ce-bb36-c9f1f8b420a1,3715,Worker1,36755.15625,36765.001220703125,0,36755
af4db3e4-2f01-40ce-bb36-c9f1f8b420a1,3716,Worker1,36771.246337890625,36782.001220703125,0,36771
af4db3e4-2f01-40ce-bb36-c9f1f8b420a1,3717,Worker1,36781.438232421875,36803.001220703125,0,36781
af4db3e4-2f01-40ce-bb36-c9f1f8b420a1,3718,Worker1,36788.100341796875,36799.001220703125,0,36788
af4db3e4-2f01-40ce-bb36-c9f1f8b420a1,3719,Worker1,36793.1142578125,36806.001220703125,0,36793
af4db3e4-2f01-40ce-bb36-c9f1f8b420a1,3720,Worker1,36795.106201171875,36806.001220703125,0,36795
af4db3e4-2f01-40ce-bb36-c9f1f8b420a1,3721,Worker1,36796.102294921875,36808.001220703125,0,36796
af4db3e4-2f01-40ce-bb36-c9f1f8b420a1,3722,Worker1,36823.229248046875,36835.001220703125,0,36823
af4db3e4-2f01-40ce-bb36-c9f1f8b420a1,3723,Worker1,36839.107177734375,36852.001220703125,0,36839
af4db3e4-2f01-40ce-bb36-c9f1f8b420a1,3724,Worker1,36841.107177734375,36851.001220703125,0,36841
af4db3e4-2f01-40ce-bb36-c9f1f8b420a1,3725,Worker1,36848.110107421875,36859.001220703125,0,36848
af4db3e4-2f01-40ce-bb36-c9f1f8b420a1,3726,Worker1,36853.2041015625,36866.001220703125,0,36853
af4db3e4-2f01-40ce-bb36-c9f1f8b420a1,3727,Worker1,36866.171142578125,36876.001220703125,0,36866
af4db3e4-2f01-40ce-bb36-c9f1f8b420a1,3728,Worker1,36867.088134765625,36877.001220703125,0,36867
af4db3e4-2f01-40ce-bb36-c9f1f8b420a1,3729,Worker1,36873.2431640625,36885.001220703125,0,36873
af4db3e4-2f01-40ce-bb36-c9f1f8b420a1,3730,Worker1,36889.2421875,36902.001220703125,0,36889
af4db3e4-2f01-40ce-bb36-c9f1f8b420a1,3732,Worker1,36891.123291015625,36902.001220703125,0,36891
af4db3e4-2f01-40ce-bb36-c9f1f8b420a1,3731,Worker1,36891.119140625,36903.001220703125,0,36891
af4db3e4-2f01-40ce-bb36-c9f1f8b420a1,3733,Worker1,36896.111328125,36908.001220703125,0,36896
af4db3e4-2f01-40ce-bb36-c9f1f8b420a1,3734,Worker1,36910.146240234375,36924.001220703125,0,36910
af4db3e4-2f01-40ce-bb36-c9f1f8b420a1,3735,Worker1,36919.350341796875,36931.001220703125,0,36919
af4db3e4-2f01-40ce-bb36-c9f1f8b420a1,3736,Worker1,36925.22021484375,36936.001220703125,0,36925
af4db3e4-2f01-40ce-bb36-c9f1f8b420a1,3737,Worker1,36942.130126953125,36952.001220703125,0,36942
af4db3e4-2f01-40ce-bb36-c9f1f8b420a1,3738,Worker1,36953.233154296875,36965.001220703125,0,36953
af4db3e4-2f01-40ce-bb36-c9f1f8b420a1,3739,Worker1,36960.165283203125,36972.001220703125,0,36960
af4db3e4-2f01-40ce-bb36-c9f1f8b420a1,3740,Worker1,36965.29833984375,36975.001220703125,0,36965
af4db3e4-2f01-40ce-bb36-c9f1f8b420a1,3741,Worker1,36968.123291015625,36981.001220703125,0,36968
af4db3e4-2f01-40ce-bb36-c9f1f8b420a1,3742,Worker1,36969.087158203125,36981.001220703125,0,36969
af4db3e4-2f01-40ce-bb36-c9f1f8b420a1,3743,Worker1,36975.188232421875,36986.001220703125,0,36975
af4db3e4-2f01-40ce-bb36-c9f1f8b420a1,3744,Worker1,36979.191162109375,36991.001220703125,0,36979
af4db3e4-2f01-40ce-bb36-c9f1f8b420a1,3746,Worker1,36981.256103515625,36994.001220703125,0,36981
af4db3e4-2f01-40ce-bb36-c9f1f8b420a1,3745,Worker1,36981.111328125,36992.001220703125,0,36981
af4db3e4-2f01-40ce-bb36-c9f1f8b420a1,3747,Worker1,37004.336181640625,37015.001220703125,0,37004
af4db3e4-2f01-40ce-bb36-c9f1f8b420a1,3748,Worker1,37007.108154296875,37020.001220703125,0,37007
af4db3e4-2f01-40ce-bb36-c9f1f8b420a1,3749,Worker1,37016.26025390625,37028.001220703125,0,37016
af4db3e4-2f01-40ce-bb36-c9f1f8b420a1,3750,Worker1,37022.154296875,37034.001220703125,0,37022
af4db3e4-2f01-40ce-bb36-c9f1f8b420a1,3751,Worker1,37040.337158203125,37052.001220703125,0,37040
af4db3e4-2f01-40ce-bb36-c9f1f8b420a1,3752,Worker1,37042.1123046875,37053.001220703125,0,37042
af4db3e4-2f01-40ce-bb36-c9f1f8b420a1,3753,Worker1,37050.111328125,37062.001220703125,0,37050
af4db3e4-2f01-40ce-bb36-c9f1f8b420a1,3754,Worker1,37073.249267578125,37084.001220703125,0,37073
af4db3e4-2f01-40ce-bb36-c9f1f8b420a1,3755,Worker1,37087.3291015625,37099.001220703125,0,37087
af4db3e4-2f01-40ce-bb36-c9f1f8b420a1,3756,Worker1,37088.109130859375,37100.001220703125,0,37088
af4db3e4-2f01-40ce-bb36-c9f1f8b420a1,3757,Worker1,37094.152099609375,37120.001220703125,0,37094
af4db3e4-2f01-40ce-bb36-c9f1f8b420a1,3758,Worker1,37112.13427734375,37135.001220703125,0,37112
af4db3e4-2f01-40ce-bb36-c9f1f8b420a1,3759,Worker1,37114.22412109375,37125.001220703125,0,37114
af4db3e4-2f01-40ce-bb36-c9f1f8b420a1,3760,Worker1,37122.22119140625,37161.001220703125,0,37122
af4db3e4-2f01-40ce-bb36-c9f1f8b420a1,3761,Worker1,37146.25830078125,37157.001220703125,0,37146
af4db3e4-2f01-40ce-bb36-c9f1f8b420a1,3762,Worker1,37161.1201171875,37174.001220703125,0,37161
af4db3e4-2f01-40ce-bb36-c9f1f8b420a1,3763,Worker1,37171.25830078125,37182.001220703125,0,37171
af4db3e4-2f01-40ce-bb36-c9f1f8b420a1,3764,Worker1,37217.279296875,37231.001220703125,0,37217
af4db3e4-2f01-40ce-bb36-c9f1f8b420a1,3765,Worker1,37236.1943359375,37257.001220703125,0,37236
af4db3e4-2f01-40ce-bb36-c9f1f8b420a1,3766,Worker1,37248.21923828125,37260.001220703125,0,37248
af4db3e4-2f01-40ce-bb36-c9f1f8b420a1,3767,Worker1,37249.09912109375,37261.001220703125,0,37249
af4db3e4-2f01-40ce-bb36-c9f1f8b420a1,3768,Worker1,37274.2412109375,37288.001220703125,0,37274
af4db3e4-2f01-40ce-bb36-c9f1f8b420a1,3769,Worker1,37289.230224609375,37302.001220703125,0,37289
af4db3e4-2f01-40ce-bb36-c9f1f8b420a1,3770,Worker1,37299.30419921875,37312.001220703125,0,37299
af4db3e4-2f01-40ce-bb36-c9f1f8b420a1,3771,Worker1,37306.309326171875,37319.001220703125,0,37306
af4db3e4-2f01-40ce-bb36-c9f1f8b420a1,3772,Worker1,37325.26416015625,37338.001220703125,0,37325
af4db3e4-2f01-40ce-bb36-c9f1f8b420a1,3773,Worker1,37327.107177734375,37343.001220703125,0,37327
af4db3e4-2f01-40ce-bb36-c9f1f8b420a1,3774,Worker1,37328.100341796875,37338.001220703125,0,37328
af4db3e4-2f01-40ce-bb36-c9f1f8b420a1,3775,Worker1,37355.167236328125,37380.001220703125,0,37355
af4db3e4-2f01-40ce-bb36-c9f1f8b420a1,3776,Worker1,37358.26318359375,37374.001220703125,0,37358
af4db3e4-2f01-40ce-bb36-c9f1f8b420a1,3778,Worker1,37368.271240234375,37378.001220703125,0,37368
af4db3e4-2f01-40ce-bb36-c9f1f8b420a1,3777,Worker1,37368.453125,37383.001220703125,0,37368
af4db3e4-2f01-40ce-bb36-c9f1f8b420a1,3779,Worker1,37388.26513671875,37398.001220703125,0,37388
af4db3e4-2f01-40ce-bb36-c9f1f8b420a1,3780,Worker1,37401.13525390625,37412.001220703125,0,37401
af4db3e4-2f01-40ce-bb36-c9f1f8b420a1,3781,Worker1,37410.142333984375,37423.001220703125,0,37410
af4db3e4-2f01-40ce-bb36-c9f1f8b420a1,3782,Worker1,37416.15625,37429.001220703125,0,37416
af4db3e4-2f01-40ce-bb36-c9f1f8b420a1,3783,Worker1,37432.230224609375,37443.001220703125,0,37432
af4db3e4-2f01-40ce-bb36-c9f1f8b420a1,3784,Worker1,37443.109130859375,37455.001220703125,0,37443
af4db3e4-2f01-40ce-bb36-c9f1f8b420a1,3785,Worker1,37450.26513671875,37493.001220703125,0,37450
af4db3e4-2f01-40ce-bb36-c9f1f8b420a1,3786,Worker1,37470.22314453125,37493.001220703125,0,37470
af4db3e4-2f01-40ce-bb36-c9f1f8b420a1,3787,Worker1,37483.2783203125,37495.001220703125,0,37483
af4db3e4-2f01-40ce-bb36-c9f1f8b420a1,3788,Worker1,37492.107177734375,37507.001220703125,0,37492
af4db3e4-2f01-40ce-bb36-c9f1f8b420a1,3789,Worker1,37521.17724609375,37534.001220703125,0,37521
af4db3e4-2f01-40ce-bb36-c9f1f8b420a1,3790,Worker1,37525.290283203125,37545.001220703125,0,37525
af4db3e4-2f01-40ce-bb36-c9f1f8b420a1,3791,Worker1,37527.1181640625,37541.001220703125,0,37527
af4db3e4-2f01-40ce-bb36-c9f1f8b420a1,3792,Worker1,37534.13818359375,37544.001220703125,0,37534
af4db3e4-2f01-40ce-bb36-c9f1f8b420a1,3793,Worker1,37555.337158203125,37568.001220703125,0,37555
af4db3e4-2f01-40ce-bb36-c9f1f8b420a1,3794,Worker1,37572.23828125,37583.001220703125,0,37572
af4db3e4-2f01-40ce-bb36-c9f1f8b420a1,3795,Worker1,37583.124267578125,37598.001220703125,0,37583
af4db3e4-2f01-40ce-bb36-c9f1f8b420a1,3796,Worker1,37591.2001953125,37605.001220703125,0,37591
af4db3e4-2f01-40ce-bb36-c9f1f8b420a1,3797,Worker1,37614.274169921875,37637.001220703125,0,37614
af4db3e4-2f01-40ce-bb36-c9f1f8b420a1,3798,Worker1,37617.13232421875,37644.001220703125,0,37617
af4db3e4-2f01-40ce-bb36-c9f1f8b420a1,3799,Worker1,37627.15625,37662.001220703125,0,37627
af4db3e4-2f01-40ce-bb36-c9f1f8b420a1,3800,Worker1,37633.315185546875,37658.001220703125,0,37633
af4db3e4-2f01-40ce-bb36-c9f1f8b420a1,3801,Worker1,37651.3232421875,37665.001220703125,0,37651
af4db3e4-2f01-40ce-bb36-c9f1f8b420a1,3802,Worker1,37653.922119140625,37666.001220703125,0,37653
af4db3e4-2f01-40ce-bb36-c9f1f8b420a1,3803,Worker1,37654.111328125,37666.001220703125,0,37654
af4db3e4-2f01-40ce-bb36-c9f1f8b420a1,3804,Worker1,37659.15625,37678.001220703125,0,37659
af4db3e4-2f01-40ce-bb36-c9f1f8b420a1,3805,Worker1,37662.108154296875,37676.001220703125,0,37662
af4db3e4-2f01-40ce-bb36-c9f1f8b420a1,3806,Worker1,37663.086181640625,37674.001220703125,0,37663
af4db3e4-2f01-40ce-bb36-c9f1f8b420a1,3807,Worker1,37703.122314453125,37716.001220703125,0,37703
af4db3e4-2f01-40ce-bb36-c9f1f8b420a1,3808,Worker1,37707.100341796875,37718.001220703125,0,37707
af4db3e4-2f01-40ce-bb36-c9f1f8b420a1,3809,Worker1,37719.247314453125,37730.001220703125,0,37719
af4db3e4-2f01-40ce-bb36-c9f1f8b420a1,3810,Worker1,37720.087158203125,37731.001220703125,0,37720
af4db3e4-2f01-40ce-bb36-c9f1f8b420a1,3811,Worker1,37725.124267578125,37736.001220703125,0,37725
af4db3e4-2f01-40ce-bb36-c9f1f8b420a1,3812,Worker1,37740.2021484375,37754.001220703125,0,37740
af4db3e4-2f01-40ce-bb36-c9f1f8b420a1,3813,Worker1,37750.2021484375,37762.001220703125,0,37750
af4db3e4-2f01-40ce-bb36-c9f1f8b420a1,3814,Worker1,37757.144287109375,37767.001220703125,0,37757
af4db3e4-2f01-40ce-bb36-c9f1f8b420a1,3815,Worker1,37761.184326171875,37774.001220703125,0,37761
af4db3e4-2f01-40ce-bb36-c9f1f8b420a1,3816,Worker1,37763.09033203125,37780.001220703125,0,37763
af4db3e4-2f01-40ce-bb36-c9f1f8b420a1,3817,Worker1,37764.101318359375,37778.001220703125,0,37764
af4db3e4-2f01-40ce-bb36-c9f1f8b420a1,3818,Worker1,37790.2021484375,37804.001220703125,0,37790
af4db3e4-2f01-40ce-bb36-c9f1f8b420a1,3819,Worker1,37805.293212890625,37817.001220703125,0,37805
af4db3e4-2f01-40ce-bb36-c9f1f8b420a1,3820,Worker1,37806.09912109375,37818.001220703125,0,37806
af4db3e4-2f01-40ce-bb36-c9f1f8b420a1,3821,Worker1,37858.13232421875,37873.001220703125,0,37858
af4db3e4-2f01-40ce-bb36-c9f1f8b420a1,3822,Worker1,37862.22119140625,37876.001220703125,0,37862
af4db3e4-2f01-40ce-bb36-c9f1f8b420a1,3823,Worker1,37875.18017578125,37891.001220703125,0,37875
af4db3e4-2f01-40ce-bb36-c9f1f8b420a1,3824,Worker1,37876.09521484375,37894.001220703125,0,37876
af4db3e4-2f01-40ce-bb36-c9f1f8b420a1,3825,Worker1,37903.209228515625,37914.001220703125,0,37903
af4db3e4-2f01-40ce-bb36-c9f1f8b420a1,3826,Worker1,37906.125244140625,37918.001220703125,0,37906
af4db3e4-2f01-40ce-bb36-c9f1f8b420a1,3827,Worker1,37917.23828125,37930.001220703125,0,37917
af4db3e4-2f01-40ce-bb36-c9f1f8b420a1,3828,Worker1,37924.1533203125,37935.001220703125,0,37924
af4db3e4-2f01-40ce-bb36-c9f1f8b420a1,3829,Worker1,37944.225341796875,37956.001220703125,0,37944
af4db3e4-2f01-40ce-bb36-c9f1f8b420a1,3830,Worker1,37947.169189453125,37958.001220703125,0,37947
af4db3e4-2f01-40ce-bb36-c9f1f8b420a1,3831,Worker1,37956.142333984375,37967.001220703125,0,37956
af4db3e4-2f01-40ce-bb36-c9f1f8b420a1,3832,Worker1,37962.208251953125,37975.001220703125,0,37962
af4db3e4-2f01-40ce-bb36-c9f1f8b420a1,3833,Worker1,37978.22119140625,37988.001220703125,0,37978
af4db3e4-2f01-40ce-bb36-c9f1f8b420a1,3834,Worker1,37989.246337890625,38001.001220703125,0,37989
af4db3e4-2f01-40ce-bb36-c9f1f8b420a1,3835,Worker1,37996.189208984375,38008.001220703125,0,37996
af4db3e4-2f01-40ce-bb36-c9f1f8b420a1,3836,Worker1,38001.26318359375,38024.001220703125,0,38001
af4db3e4-2f01-40ce-bb36-c9f1f8b420a1,3837,Worker1,38004.32421875,38016.001220703125,0,38004
af4db3e4-2f01-40ce-bb36-c9f1f8b420a1,3838,Worker1,38005.100341796875,38017.001220703125,0,38005
af4db3e4-2f01-40ce-bb36-c9f1f8b420a1,3839,Worker1,38011.2421875,38021.001220703125,0,38011
af4db3e4-2f01-40ce-bb36-c9f1f8b420a1,3840,Worker1,38027.354248046875,38038.001220703125,0,38027
af4db3e4-2f01-40ce-bb36-c9f1f8b420a1,3841,Worker1,38029.089111328125,38037.001220703125,0,38029
af4db3e4-2f01-40ce-bb36-c9f1f8b420a1,3842,Worker1,38036.2392578125,38048.001220703125,0,38036
af4db3e4-2f01-40ce-bb36-c9f1f8b420a1,3843,Worker1,38041.203125,38063.001220703125,0,38041
af4db3e4-2f01-40ce-bb36-c9f1f8b420a1,3844,Worker1,38044.22021484375,38056.001220703125,0,38044
af4db3e4-2f01-40ce-bb36-c9f1f8b420a1,3845,Worker1,38045.088134765625,38055.001220703125,0,38045
af4db3e4-2f01-40ce-bb36-c9f1f8b420a1,3846,Worker1,38078.17919921875,38092.001220703125,0,38078
af4db3e4-2f01-40ce-bb36-c9f1f8b420a1,3847,Worker1,38095.21923828125,38117.001220703125,0,38095
af4db3e4-2f01-40ce-bb36-c9f1f8b420a1,3848,Worker1,38106.274169921875,38118.001220703125,0,38106
af4db3e4-2f01-40ce-bb36-c9f1f8b420a1,3849,Worker1,38106.4541015625,38120.001220703125,0,38106
af4db3e4-2f01-40ce-bb36-c9f1f8b420a1,3850,Worker1,38111.277099609375,38124.001220703125,0,38111
af4db3e4-2f01-40ce-bb36-c9f1f8b420a1,3851,Worker1,38125.128173828125,38138.001220703125,0,38125
af4db3e4-2f01-40ce-bb36-c9f1f8b420a1,3852,Worker1,38126.17333984375,38140.001220703125,0,38126
af4db3e4-2f01-40ce-bb36-c9f1f8b420a1,3853,Worker1,38160.29833984375,38171.001220703125,0,38160
af4db3e4-2f01-40ce-bb36-c9f1f8b420a1,3854,Worker1,38164.127197265625,38176.001220703125,0,38164
af4db3e4-2f01-40ce-bb36-c9f1f8b420a1,3855,Worker1,38176.231201171875,38185.001220703125,0,38176
af4db3e4-2f01-40ce-bb36-c9f1f8b420a1,3856,Worker1,38184.119140625,38196.001220703125,0,38184
af4db3e4-2f01-40ce-bb36-c9f1f8b420a1,3857,Worker1,38207.214111328125,38224.001220703125,0,38207
af4db3e4-2f01-40ce-bb36-c9f1f8b420a1,3858,Worker1,38221.193115234375,38231.001220703125,0,38221
af4db3e4-2f01-40ce-bb36-c9f1f8b420a1,3859,Worker1,38222.09423828125,38236.001220703125,0,38222
af4db3e4-2f01-40ce-bb36-c9f1f8b420a1,3860,Worker1,38259.272216796875,38280.001220703125,0,38259
af4db3e4-2f01-40ce-bb36-c9f1f8b420a1,3861,Worker1,38277.164306640625,38287.001220703125,0,38277
af4db3e4-2f01-40ce-bb36-c9f1f8b420a1,3862,Worker1,38279.121337890625,38291.001220703125,0,38279
af4db3e4-2f01-40ce-bb36-c9f1f8b420a1,3863,Worker1,38287.115234375,38298.001220703125,0,38287
af4db3e4-2f01-40ce-bb36-c9f1f8b420a1,3864,Worker1,38292.119140625,38301.001220703125,0,38292
af4db3e4-2f01-40ce-bb36-c9f1f8b420a1,3865,Worker1,38307.2451171875,38318.001220703125,0,38307
af4db3e4-2f01-40ce-bb36-c9f1f8b420a1,3866,Worker1,38308.127197265625,38320.001220703125,0,38308
af4db3e4-2f01-40ce-bb36-c9f1f8b420a1,3867,Worker1,38315.293212890625,38326.001220703125,0,38315
af4db3e4-2f01-40ce-bb36-c9f1f8b420a1,3868,Worker1,38334.314208984375,38345.001220703125,0,38334
af4db3e4-2f01-40ce-bb36-c9f1f8b420a1,3869,Worker1,38346.375244140625,38359.001220703125,0,38346
af4db3e4-2f01-40ce-bb36-c9f1f8b420a1,3870,Worker1,38347.1943359375,38364.001220703125,0,38347
af4db3e4-2f01-40ce-bb36-c9f1f8b420a1,3871,Worker1,38372.2021484375,38385.001220703125,0,38372
af4db3e4-2f01-40ce-bb36-c9f1f8b420a1,3872,Worker1,38375.211181640625,38389.001220703125,0,38375
af4db3e4-2f01-40ce-bb36-c9f1f8b420a1,3873,Worker1,38376.09423828125,38388.001220703125,0,38376
af4db3e4-2f01-40ce-bb36-c9f1f8b420a1,3874,Worker1,38427.439208984375,38446.001220703125,0,38427
af4db3e4-2f01-40ce-bb36-c9f1f8b420a1,3875,Worker1,38431.121337890625,38441.001220703125,0,38431
af4db3e4-2f01-40ce-bb36-c9f1f8b420a1,3876,Worker1,38433.115234375,38443.001220703125,0,38433
af4db3e4-2f01-40ce-bb36-c9f1f8b420a1,3877,Worker1,38441.233154296875,38454.001220703125,0,38441
af4db3e4-2f01-40ce-bb36-c9f1f8b420a1,3878,Worker1,38467.273193359375,38478.001220703125,0,38467
af4db3e4-2f01-40ce-bb36-c9f1f8b420a1,3879,Worker1,38482.290283203125,38494.001220703125,0,38482
af4db3e4-2f01-40ce-bb36-c9f1f8b420a1,3880,Worker1,38484.1123046875,38500.001220703125,0,38484
af4db3e4-2f01-40ce-bb36-c9f1f8b420a1,3881,Worker1,38491.267333984375,38505.001220703125,0,38491
af4db3e4-2f01-40ce-bb36-c9f1f8b420a1,3882,Worker1,38495.30712890625,38505.001220703125,0,38495
af4db3e4-2f01-40ce-bb36-c9f1f8b420a1,3883,Worker1,38497.108154296875,38510.001220703125,0,38497
af4db3e4-2f01-40ce-bb36-c9f1f8b420a1,3884,Worker1,38498.101318359375,38509.001220703125,0,38498
af4db3e4-2f01-40ce-bb36-c9f1f8b420a1,3885,Worker1,38525.252197265625,38543.001220703125,0,38525
af4db3e4-2f01-40ce-bb36-c9f1f8b420a1,3886,Worker1,38541.142333984375,38554.001220703125,0,38541
af4db3e4-2f01-40ce-bb36-c9f1f8b420a1,3887,Worker1,38552.322265625,38565.001220703125,0,38552
af4db3e4-2f01-40ce-bb36-c9f1f8b420a1,3888,Worker1,38552.332275390625,38568.001220703125,0,38552
af4db3e4-2f01-40ce-bb36-c9f1f8b420a1,3889,Worker1,38572.171142578125,38583.001220703125,0,38572
af4db3e4-2f01-40ce-bb36-c9f1f8b420a1,3890,Worker1,38585.123291015625,38595.001220703125,0,38585
af4db3e4-2f01-40ce-bb36-c9f1f8b420a1,3891,Worker1,38594.227294921875,38604.001220703125,0,38594
af4db3e4-2f01-40ce-bb36-c9f1f8b420a1,3892,Worker1,38600.147216796875,38623.001220703125,0,38600
af4db3e4-2f01-40ce-bb36-c9f1f8b420a1,3893,Worker1,38604.121337890625,38623.001220703125,0,38604
af4db3e4-2f01-40ce-bb36-c9f1f8b420a1,3894,Worker1,38606.22216796875,38619.001220703125,0,38606
af4db3e4-2f01-40ce-bb36-c9f1f8b420a1,3895,Worker1,38613.293212890625,38657.001220703125,0,38613
af4db3e4-2f01-40ce-bb36-c9f1f8b420a1,3896,Worker1,38618.115234375,38628.001220703125,0,38618
af4db3e4-2f01-40ce-bb36-c9f1f8b420a1,3897,Worker1,38631.2373046875,38657.001220703125,0,38631
af4db3e4-2f01-40ce-bb36-c9f1f8b420a1,3898,Worker1,38640.25732421875,38652.001220703125,0,38640
af4db3e4-2f01-40ce-bb36-c9f1f8b420a1,3899,Worker1,38670.213134765625,38693.001220703125,0,38670
af4db3e4-2f01-40ce-bb36-c9f1f8b420a1,3900,Worker1,38674.3662109375,38688.001220703125,0,38674
af4db3e4-2f01-40ce-bb36-c9f1f8b420a1,3902,Worker1,38676.369140625,38695.001220703125,0,38676
af4db3e4-2f01-40ce-bb36-c9f1f8b420a1,3901,Worker1,38676.104248046875,38690.001220703125,0,38676
af4db3e4-2f01-40ce-bb36-c9f1f8b420a1,3903,Worker1,38681.1533203125,38698.001220703125,0,38681
af4db3e4-2f01-40ce-bb36-c9f1f8b420a1,3904,Worker1,38695.275146484375,38707.001220703125,0,38695
af4db3e4-2f01-40ce-bb36-c9f1f8b420a1,3905,Worker1,38704.13330078125,38724.001220703125,0,38704
af4db3e4-2f01-40ce-bb36-c9f1f8b420a1,3906,Worker1,38710.2041015625,38721.001220703125,0,38710
af4db3e4-2f01-40ce-bb36-c9f1f8b420a1,3907,Worker1,38727.197265625,38738.001220703125,0,38727
af4db3e4-2f01-40ce-bb36-c9f1f8b420a1,3908,Worker1,38738.254150390625,38747.001220703125,0,38738
af4db3e4-2f01-40ce-bb36-c9f1f8b420a1,3909,Worker1,38746.272216796875,38763.001220703125,0,38746
af4db3e4-2f01-40ce-bb36-c9f1f8b420a1,3910,Worker1,38769.111328125,38780.001220703125,0,38769
af4db3e4-2f01-40ce-bb36-c9f1f8b420a1,3911,Worker1,38783.213134765625,38795.001220703125,0,38783
af4db3e4-2f01-40ce-bb36-c9f1f8b420a1,3912,Worker1,38784.1123046875,38802.001220703125,0,38784
af4db3e4-2f01-40ce-bb36-c9f1f8b420a1,3913,Worker1,38790.130126953125,38799.001220703125,0,38790
af4db3e4-2f01-40ce-bb36-c9f1f8b420a1,3914,Worker1,38808.267333984375,38821.001220703125,0,38808
af4db3e4-2f01-40ce-bb36-c9f1f8b420a1,3915,Worker1,38810.1171875,38820.001220703125,0,38810
af4db3e4-2f01-40ce-bb36-c9f1f8b420a1,3916,Worker1,38818.172119140625,38840.001220703125,0,38818
af4db3e4-2f01-40ce-bb36-c9f1f8b420a1,3917,Worker1,38841.13232421875,38851.001220703125,0,38841
af4db3e4-2f01-40ce-bb36-c9f1f8b420a1,3918,Worker1,38855.228271484375,38877.001220703125,0,38855
af4db3e4-2f01-40ce-bb36-c9f1f8b420a1,3919,Worker1,38865.126220703125,38959.001220703125,0,38865
af4db3e4-2f01-40ce-bb36-c9f1f8b420a1,3920,Worker1,38872.29833984375,38886.001220703125,0,38872
af4db3e4-2f01-40ce-bb36-c9f1f8b420a1,3921,Worker1,38876.2412109375,38890.001220703125,0,38876
af4db3e4-2f01-40ce-bb36-c9f1f8b420a1,3922,Worker1,38878.1142578125,38887.001220703125,0,38878
af4db3e4-2f01-40ce-bb36-c9f1f8b420a1,3923,Worker1,38886.13623046875,38901.001220703125,0,38886
af4db3e4-2f01-40ce-bb36-c9f1f8b420a1,3924,Worker1,38910.184326171875,38922.001220703125,0,38910
af4db3e4-2f01-40ce-bb36-c9f1f8b420a1,3925,Worker1,38913.254150390625,38922.001220703125,0,38913
af4db3e4-2f01-40ce-bb36-c9f1f8b420a1,3926,Worker1,38923.22412109375,38935.001220703125,0,38923
af4db3e4-2f01-40ce-bb36-c9f1f8b420a1,3927,Worker1,38966.166259765625,38984.001220703125,0,38966
af4db3e4-2f01-40ce-bb36-c9f1f8b420a1,3928,Worker1,38985.163330078125,38993.001220703125,0,38985
af4db3e4-2f01-40ce-bb36-c9f1f8b420a1,3929,Worker1,38987.1162109375,38998.001220703125,0,38987
af4db3e4-2f01-40ce-bb36-c9f1f8b420a1,3930,Worker1,38988.103271484375,38999.001220703125,0,38988
af4db3e4-2f01-40ce-bb36-c9f1f8b420a1,3931,Worker1,39013.212158203125,39026.001220703125,0,39013
af4db3e4-2f01-40ce-bb36-c9f1f8b420a1,3932,Worker1,39028.2392578125,39043.001220703125,0,39028
af4db3e4-2f01-40ce-bb36-c9f1f8b420a1,3933,Worker1,39038.250244140625,39060.001220703125,0,39038
af4db3e4-2f01-40ce-bb36-c9f1f8b420a1,3934,Worker1,39045.326171875,39057.001220703125,0,39045
af4db3e4-2f01-40ce-bb36-c9f1f8b420a1,3935,Worker1,39049.21923828125,39063.001220703125,0,39049
af4db3e4-2f01-40ce-bb36-c9f1f8b420a1,3936,Worker1,39051.1181640625,39063.001220703125,0,39051
af4db3e4-2f01-40ce-bb36-c9f1f8b420a1,3937,Worker1,39059.225341796875,39069.001220703125,0,39059
af4db3e4-2f01-40ce-bb36-c9f1f8b420a1,3938,Worker1,39086.32421875,39098.001220703125,0,39086
af4db3e4-2f01-40ce-bb36-c9f1f8b420a1,3939,Worker1,39089.126220703125,39104.001220703125,0,39089
af4db3e4-2f01-40ce-bb36-c9f1f8b420a1,3940,Worker1,39099.210205078125,39110.001220703125,0,39099
af4db3e4-2f01-40ce-bb36-c9f1f8b420a1,3941,Worker1,39106.1552734375,39124.001220703125,0,39106
af4db3e4-2f01-40ce-bb36-c9f1f8b420a1,3942,Worker1,39126.1181640625,39138.001220703125,0,39126
af4db3e4-2f01-40ce-bb36-c9f1f8b420a1,3943,Worker1,39139.29931640625,39150.001220703125,0,39139
af4db3e4-2f01-40ce-bb36-c9f1f8b420a1,3944,Worker1,39148.124267578125,39159.001220703125,0,39148
af4db3e4-2f01-40ce-bb36-c9f1f8b420a1,3945,Worker1,39154.186279296875,39165.001220703125,0,39154
af4db3e4-2f01-40ce-bb36-c9f1f8b420a1,3946,Worker1,39170.13525390625,39182.001220703125,0,39170
af4db3e4-2f01-40ce-bb36-c9f1f8b420a1,3948,Worker1,39172.25830078125,39187.001220703125,0,39172
af4db3e4-2f01-40ce-bb36-c9f1f8b420a1,3947,Worker1,39172.09326171875,39183.001220703125,0,39172
af4db3e4-2f01-40ce-bb36-c9f1f8b420a1,3949,Worker1,39192.227294921875,39205.001220703125,0,39192
af4db3e4-2f01-40ce-bb36-c9f1f8b420a1,3950,Worker1,39195.235107421875,39219.001220703125,0,39195
af4db3e4-2f01-40ce-bb36-c9f1f8b420a1,3951,Worker1,39196.105224609375,39206.001220703125,0,39196
af4db3e4-2f01-40ce-bb36-c9f1f8b420a1,3952,Worker1,39225.172119140625,39244.001220703125,0,39225
af4db3e4-2f01-40ce-bb36-c9f1f8b420a1,3953,Worker1,39242.144287109375,39295.001220703125,0,39242
af4db3e4-2f01-40ce-bb36-c9f1f8b420a1,3954,Worker1,39244.110107421875,39257.001220703125,0,39244
af4db3e4-2f01-40ce-bb36-c9f1f8b420a1,3955,Worker1,39244.244140625,39263.001220703125,0,39244
af4db3e4-2f01-40ce-bb36-c9f1f8b420a1,3956,Worker1,39249.106201171875,39259.001220703125,0,39249
af4db3e4-2f01-40ce-bb36-c9f1f8b420a1,3957,Worker1,39253.169189453125,39265.001220703125,0,39253
af4db3e4-2f01-40ce-bb36-c9f1f8b420a1,3958,Worker1,39255.109130859375,39268.001220703125,0,39255
af4db3e4-2f01-40ce-bb36-c9f1f8b420a1,3959,Worker1,39255.30419921875,39265.001220703125,0,39255
af4db3e4-2f01-40ce-bb36-c9f1f8b420a1,3960,Worker1,39278.232177734375,39290.001220703125,0,39278
af4db3e4-2f01-40ce-bb36-c9f1f8b420a1,3961,Worker1,39281.13427734375,39295.001220703125,0,39281
af4db3e4-2f01-40ce-bb36-c9f1f8b420a1,3962,Worker1,39282.09619140625,39293.001220703125,0,39282
af4db3e4-2f01-40ce-bb36-c9f1f8b420a1,3963,Worker1,39288.1201171875,39299.001220703125,0,39288
af4db3e4-2f01-40ce-bb36-c9f1f8b420a1,3964,Worker1,39306.207275390625,39319.001220703125,0,39306
af4db3e4-2f01-40ce-bb36-c9f1f8b420a1,3966,Worker1,39318.2783203125,39329.001220703125,0,39318
af4db3e4-2f01-40ce-bb36-c9f1f8b420a1,3965,Worker1,39318.13330078125,39330.001220703125,0,39318
af4db3e4-2f01-40ce-bb36-c9f1f8b420a1,3967,Worker1,39323.254150390625,39336.001220703125,0,39323
af4db3e4-2f01-40ce-bb36-c9f1f8b420a1,3968,Worker1,39337.254150390625,39347.001220703125,0,39337
af4db3e4-2f01-40ce-bb36-c9f1f8b420a1,3969,Worker1,39347.1123046875,39356.001220703125,0,39347
af4db3e4-2f01-40ce-bb36-c9f1f8b420a1,3970,Worker1,39354.197265625,39364.001220703125,0,39354
af4db3e4-2f01-40ce-bb36-c9f1f8b420a1,3971,Worker1,39358.13818359375,39372.001220703125,0,39358
af4db3e4-2f01-40ce-bb36-c9f1f8b420a1,3972,Worker1,39360.101318359375,39371.001220703125,0,39360
af4db3e4-2f01-40ce-bb36-c9f1f8b420a1,3973,Worker1,39361.104248046875,39373.001220703125,0,39361
af4db3e4-2f01-40ce-bb36-c9f1f8b420a1,3974,Worker1,39386.21826171875,39400.001220703125,0,39386
af4db3e4-2f01-40ce-bb36-c9f1f8b420a1,3975,Worker1,39401.1201171875,39424.001220703125,0,39401
af4db3e4-2f01-40ce-bb36-c9f1f8b420a1,3976,Worker1,39411.1123046875,39422.001220703125,0,39411
af4db3e4-2f01-40ce-bb36-c9f1f8b420a1,3977,Worker1,39458.256103515625,39473.001220703125,0,39458
af4db3e4-2f01-40ce-bb36-c9f1f8b420a1,3978,Worker1,39462.32421875,39472.001220703125,0,39462
af4db3e4-2f01-40ce-bb36-c9f1f8b420a1,3979,Worker1,39474.131103515625,39486.001220703125,0,39474
af4db3e4-2f01-40ce-bb36-c9f1f8b420a1,3980,Worker1,39482.184326171875,39496.001220703125,0,39482
af4db3e4-2f01-40ce-bb36-c9f1f8b420a1,3981,Worker1,39488.102294921875,39498.001220703125,0,39488
af4db3e4-2f01-40ce-bb36-c9f1f8b420a1,3982,Worker1,39491.251220703125,39503.001220703125,0,39491
af4db3e4-2f01-40ce-bb36-c9f1f8b420a1,3983,Worker1,39501.2001953125,39565.001220703125,0,39501
af4db3e4-2f01-40ce-bb36-c9f1f8b420a1,3984,Worker1,39508.13720703125,39520.001220703125,0,39508
af4db3e4-2f01-40ce-bb36-c9f1f8b420a1,3985,Worker1,39512.269287109375,39523.001220703125,0,39512
af4db3e4-2f01-40ce-bb36-c9f1f8b420a1,3986,Worker1,39514.110107421875,39525.001220703125,0,39514
af4db3e4-2f01-40ce-bb36-c9f1f8b420a1,3987,Worker1,39515.102294921875,39527.001220703125,0,39515
af4db3e4-2f01-40ce-bb36-c9f1f8b420a1,3988,Worker1,39542.246337890625,39554.001220703125,0,39542
af4db3e4-2f01-40ce-bb36-c9f1f8b420a1,3989,Worker1,39558.2041015625,39570.001220703125,0,39558
af4db3e4-2f01-40ce-bb36-c9f1f8b420a1,3990,Worker1,39568.1123046875,39579.001220703125,0,39568
af4db3e4-2f01-40ce-bb36-c9f1f8b420a1,3991,Worker1,39575.422119140625,39586.001220703125,0,39575
af4db3e4-2f01-40ce-bb36-c9f1f8b420a1,3992,Worker1,39595.166259765625,39608.001220703125,0,39595
af4db3e4-2f01-40ce-bb36-c9f1f8b420a1,3993,Worker1,39608.18212890625,39620.001220703125,0,39608
af4db3e4-2f01-40ce-bb36-c9f1f8b420a1,3994,Worker1,39609.105224609375,39620.001220703125,0,39609
af4db3e4-2f01-40ce-bb36-c9f1f8b420a1,3995,Worker1,39615.17822265625,39626.001220703125,0,39615
af4db3e4-2f01-40ce-bb36-c9f1f8b420a1,3996,Worker1,39619.207275390625,39631.001220703125,0,39619
af4db3e4-2f01-40ce-bb36-c9f1f8b420a1,3997,Worker1,39621.110107421875,39632.001220703125,0,39621
af4db3e4-2f01-40ce-bb36-c9f1f8b420a1,3998,Worker1,39621.353271484375,39634.001220703125,0,39621
af4db3e4-2f01-40ce-bb36-c9f1f8b420a1,3999,Worker1,39642.1201171875,39654.001220703125,0,39642
af4db3e4-2f01-40ce-bb36-c9f1f8b420a1,4000,Worker1,39655.11328125,39668.001220703125,0,39655
af4db3e4-2f01-40ce-bb36-c9f1f8b420a1,4001,Worker1,39656.088134765625,39667.001220703125,0,39656
af4db3e4-2f01-40ce-bb36-c9f1f8b420a1,4002,Worker1,39662.1611328125,39679.001220703125,0,39662
af4db3e4-2f01-40ce-bb36-c9f1f8b420a1,4003,Worker1,39678.128173828125,39688.001220703125,0,39678
af4db3e4-2f01-40ce-bb36-c9f1f8b420a1,4005,Worker1,39689.2841796875,39713.001220703125,0,39689
af4db3e4-2f01-40ce-bb36-c9f1f8b420a1,4004,Worker1,39689.2802734375,39708.001220703125,0,39689
af4db3e4-2f01-40ce-bb36-c9f1f8b420a1,4006,Worker1,39694.249267578125,39705.001220703125,0,39694
af4db3e4-2f01-40ce-bb36-c9f1f8b420a1,4007,Worker1,39697.1181640625,39709.001220703125,0,39697
af4db3e4-2f01-40ce-bb36-c9f1f8b420a1,4008,Worker1,39706.289306640625,39718.001220703125,0,39706
af4db3e4-2f01-40ce-bb36-c9f1f8b420a1,4009,Worker1,39739.168212890625,39764.001220703125,0,39739
af4db3e4-2f01-40ce-bb36-c9f1f8b420a1,4010,Worker1,39756.240234375,39767.001220703125,0,39756
af4db3e4-2f01-40ce-bb36-c9f1f8b420a1,4011,Worker1,39758.1123046875,39768.001220703125,0,39758
af4db3e4-2f01-40ce-bb36-c9f1f8b420a1,4012,Worker1,39766.247314453125,39777.001220703125,0,39766
af4db3e4-2f01-40ce-bb36-c9f1f8b420a1,4013,Worker1,39788.13330078125,39801.001220703125,0,39788
af4db3e4-2f01-40ce-bb36-c9f1f8b420a1,4014,Worker1,39802.1611328125,39813.001220703125,0,39802
af4db3e4-2f01-40ce-bb36-c9f1f8b420a1,4015,Worker1,39803.09912109375,39815.001220703125,0,39803
af4db3e4-2f01-40ce-bb36-c9f1f8b420a1,4016,Worker1,39837.312255859375,39847.001220703125,0,39837
af4db3e4-2f01-40ce-bb36-c9f1f8b420a1,4017,Worker1,39855.151123046875,39869.001220703125,0,39855
af4db3e4-2f01-40ce-bb36-c9f1f8b420a1,4018,Worker1,39866.254150390625,39876.001220703125,0,39866
af4db3e4-2f01-40ce-bb36-c9f1f8b420a1,4019,Worker1,39874.131103515625,39931.001220703125,0,39874
af4db3e4-2f01-40ce-bb36-c9f1f8b420a1,4020,Worker1,39879.255126953125,39894.001220703125,0,39879
af4db3e4-2f01-40ce-bb36-c9f1f8b420a1,4021,Worker1,39882.145263671875,39895.001220703125,0,39882
af4db3e4-2f01-40ce-bb36-c9f1f8b420a1,4022,Worker1,39883.09912109375,39898.001220703125,0,39883
af4db3e4-2f01-40ce-bb36-c9f1f8b420a1,4023,Worker1,39920.193115234375,39936.001220703125,0,39920
af4db3e4-2f01-40ce-bb36-c9f1f8b420a1,4024,Worker1,39938.1142578125,39950.001220703125,0,39938
af4db3e4-2f01-40ce-bb36-c9f1f8b420a1,4025,Worker1,39940.107177734375,39953.001220703125,0,39940
af4db3e4-2f01-40ce-bb36-c9f1f8b420a1,4026,Worker1,39941.09619140625,39954.001220703125,0,39941
af4db3e4-2f01-40ce-bb36-c9f1f8b420a1,4027,Worker1,39965.28515625,39981.001220703125,0,39965
af4db3e4-2f01-40ce-bb36-c9f1f8b420a1,4028,Worker1,39968.291259765625,39984.001220703125,0,39968
af4db3e4-2f01-40ce-bb36-c9f1f8b420a1,4029,Worker1,39969.104248046875,39982.001220703125,0,39969
af4db3e4-2f01-40ce-bb36-c9f1f8b420a1,4030,Worker1,40011.30517578125,40022.001220703125,0,40011
af4db3e4-2f01-40ce-bb36-c9f1f8b420a1,4031,Worker1,40015.189208984375,40025.001220703125,0,40015
af4db3e4-2f01-40ce-bb36-c9f1f8b420a1,4032,Worker1,40017.102294921875,40028.001220703125,0,40017
af4db3e4-2f01-40ce-bb36-c9f1f8b420a1,4033,Worker1,40025.312255859375,40035.001220703125,0,40025
af4db3e4-2f01-40ce-bb36-c9f1f8b420a1,4034,Worker1,40030.1201171875,40041.001220703125,0,40030
af4db3e4-2f01-40ce-bb36-c9f1f8b420a1,4035,Worker1,40033.30224609375,40045.001220703125,0,40033
af4db3e4-2f01-40ce-bb36-c9f1f8b420a1,4036,Worker1,40043.247314453125,40053.001220703125,0,40043
af4db3e4-2f01-40ce-bb36-c9f1f8b420a1,4037,Worker1,40091.244140625,40101.001220703125,0,40091
af4db3e4-2f01-40ce-bb36-c9f1f8b420a1,4038,Worker1,40110.226318359375,40122.001220703125,0,40110
af4db3e4-2f01-40ce-bb36-c9f1f8b420a1,4039,Worker1,40112.1162109375,40137.001220703125,0,40112
af4db3e4-2f01-40ce-bb36-c9f1f8b420a1,4040,Worker1,40120.17919921875,40130.001220703125,0,40120
af4db3e4-2f01-40ce-bb36-c9f1f8b420a1,4041,Worker1,40126.186279296875,40141.001220703125,0,40126
af4db3e4-2f01-40ce-bb36-c9f1f8b420a1,4042,Worker1,40129.1142578125,40139.001220703125,0,40129
af4db3e4-2f01-40ce-bb36-c9f1f8b420a1,4043,Worker1,40139.312255859375,40164.001220703125,0,40139
af4db3e4-2f01-40ce-bb36-c9f1f8b420a1,4044,Worker1,40196.254150390625,40206.001220703125,0,40196
af4db3e4-2f01-40ce-bb36-c9f1f8b420a1,4045,Worker1,40200.17724609375,40214.001220703125,0,40200
af4db3e4-2f01-40ce-bb36-c9f1f8b420a1,4046,Worker1,40213.207275390625,40224.001220703125,0,40213
af4db3e4-2f01-40ce-bb36-c9f1f8b420a1,4047,Worker1,40214.107177734375,40229.001220703125,0,40214
af4db3e4-2f01-40ce-bb36-c9f1f8b420a1,4048,Worker1,40241.34912109375,40256.001220703125,0,40241
af4db3e4-2f01-40ce-bb36-c9f1f8b420a1,4049,Worker1,40257.213134765625,40267.001220703125,0,40257
af4db3e4-2f01-40ce-bb36-c9f1f8b420a1,4050,Worker1,40268.192138671875,40280.001220703125,0,40268
af4db3e4-2f01-40ce-bb36-c9f1f8b420a1,4051,Worker1,40275.191162109375,40285.001220703125,0,40275
af4db3e4-2f01-40ce-bb36-c9f1f8b420a1,4052,Worker1,40295.188232421875,40305.001220703125,0,40295
af4db3e4-2f01-40ce-bb36-c9f1f8b420a1,4053,Worker1,40298.17431640625,40309.001220703125,0,40298
af4db3e4-2f01-40ce-bb36-c9f1f8b420a1,4054,Worker1,40299.109130859375,40311.001220703125,0,40299
af4db3e4-2f01-40ce-bb36-c9f1f8b420a1,4055,Worker1,40328.29833984375,40355.001220703125,0,40328
af4db3e4-2f01-40ce-bb36-c9f1f8b420a1,4056,Worker1,40332.26025390625,40373.001220703125,0,40332
af4db3e4-2f01-40ce-bb36-c9f1f8b420a1,4057,Worker1,40343.397216796875,40353.001220703125,0,40343
af4db3e4-2f01-40ce-bb36-c9f1f8b420a1,4058,Worker1,40343.21728515625,40355.001220703125,0,40343
af4db3e4-2f01-40ce-bb36-c9f1f8b420a1,4059,Worker1,40348.231201171875,40363.001220703125,0,40348
af4db3e4-2f01-40ce-bb36-c9f1f8b420a1,4060,Worker1,40351.26025390625,40363.001220703125,0,40351
af4db3e4-2f01-40ce-bb36-c9f1f8b420a1,4061,Worker1,40360.192138671875,40383.001220703125,0,40360
af4db3e4-2f01-40ce-bb36-c9f1f8b420a1,4062,Worker1,40390.17333984375,40403.001220703125,0,40390
af4db3e4-2f01-40ce-bb36-c9f1f8b420a1,4063,Worker1,40407.130126953125,40418.001220703125,0,40407
af4db3e4-2f01-40ce-bb36-c9f1f8b420a1,4065,Worker1,40418.419189453125,40431.001220703125,0,40418
af4db3e4-2f01-40ce-bb36-c9f1f8b420a1,4064,Worker1,40418.294189453125,40437.001220703125,0,40418
af4db3e4-2f01-40ce-bb36-c9f1f8b420a1,4066,Worker1,40440.208251953125,40449.001220703125,0,40440
af4db3e4-2f01-40ce-bb36-c9f1f8b420a1,4067,Worker1,40443.28515625,40464.001220703125,0,40443
af4db3e4-2f01-40ce-bb36-c9f1f8b420a1,4068,Worker1,40452.292236328125,40466.001220703125,0,40452
af4db3e4-2f01-40ce-bb36-c9f1f8b420a1,4069,Worker1,40485.213134765625,40497.001220703125,0,40485
af4db3e4-2f01-40ce-bb36-c9f1f8b420a1,4070,Worker1,40502.1611328125,40515.001220703125,0,40502
af4db3e4-2f01-40ce-bb36-c9f1f8b420a1,4071,Worker1,40513.209228515625,40524.001220703125,0,40513
af4db3e4-2f01-40ce-bb36-c9f1f8b420a1,4072,Worker1,40513.214111328125,40525.001220703125,0,40513
af4db3e4-2f01-40ce-bb36-c9f1f8b420a1,4073,Worker1,40535.249267578125,40548.001220703125,0,40535
af4db3e4-2f01-40ce-bb36-c9f1f8b420a1,4074,Worker1,40538.119140625,40549.001220703125,0,40538
af4db3e4-2f01-40ce-bb36-c9f1f8b420a1,4075,Worker1,40547.187255859375,40558.001220703125,0,40547
af4db3e4-2f01-40ce-bb36-c9f1f8b420a1,4076,Worker1,40582.1591796875,40604.001220703125,0,40582
af4db3e4-2f01-40ce-bb36-c9f1f8b420a1,4077,Worker1,40599.26416015625,40610.001220703125,0,40599
af4db3e4-2f01-40ce-bb36-c9f1f8b420a1,4079,Worker1,40611.497314453125,40622.001220703125,0,40611
af4db3e4-2f01-40ce-bb36-c9f1f8b420a1,4078,Worker1,40611.334228515625,40622.001220703125,0,40611
af4db3e4-2f01-40ce-bb36-c9f1f8b420a1,4080,Worker1,40616.109130859375,40629.001220703125,0,40616
af4db3e4-2f01-40ce-bb36-c9f1f8b420a1,4081,Worker1,40619.2451171875,40716.001220703125,0,40619
af4db3e4-2f01-40ce-bb36-c9f1f8b420a1,4082,Worker1,40629.201171875,40639.001220703125,0,40629
af4db3e4-2f01-40ce-bb36-c9f1f8b420a1,4083,Worker1,40635.1181640625,40648.001220703125,0,40635
af4db3e4-2f01-40ce-bb36-c9f1f8b420a1,4084,Worker1,40653.21728515625,40677.001220703125,0,40653
af4db3e4-2f01-40ce-bb36-c9f1f8b420a1,4085,Worker1,40665.1533203125,40675.001220703125,0,40665
af4db3e4-2f01-40ce-bb36-c9f1f8b420a1,4086,Worker1,40673.18310546875,40686.001220703125,0,40673
af4db3e4-2f01-40ce-bb36-c9f1f8b420a1,4087,Worker1,40697.2001953125,40708.001220703125,0,40697
af4db3e4-2f01-40ce-bb36-c9f1f8b420a1,4088,Worker1,40700.2001953125,40713.001220703125,0,40700
af4db3e4-2f01-40ce-bb36-c9f1f8b420a1,4089,Worker1,40710.189208984375,40720.001220703125,0,40710
af4db3e4-2f01-40ce-bb36-c9f1f8b420a1,4090,Worker1,40717.2822265625,40728.001220703125,0,40717
af4db3e4-2f01-40ce-bb36-c9f1f8b420a1,4091,Worker1,40736.254150390625,40749.001220703125,0,40736
af4db3e4-2f01-40ce-bb36-c9f1f8b420a1,4092,Worker1,40748.21923828125,40757.001220703125,0,40748
af4db3e4-2f01-40ce-bb36-c9f1f8b420a1,4093,Worker1,40749.105224609375,40775.001220703125,0,40749
af4db3e4-2f01-40ce-bb36-c9f1f8b420a1,4094,Worker1,40754.22216796875,40767.001220703125,0,40754
af4db3e4-2f01-40ce-bb36-c9f1f8b420a1,4095,Worker1,40769.23828125,40779.001220703125,0,40769
af4db3e4-2f01-40ce-bb36-c9f1f8b420a1,4096,Worker1,40770.104248046875,40782.001220703125,0,40770
af4db3e4-2f01-40ce-bb36-c9f1f8b420a1,4097,Worker1,40777.2431640625,40791.001220703125,0,40777
af4db3e4-2f01-40ce-bb36-c9f1f8b420a1,4098,Worker1,40796.203125,40808.001220703125,0,40796
af4db3e4-2f01-40ce-bb36-c9f1f8b420a1,4099,Worker1,40808.2431640625,40819.001220703125,0,40808
af4db3e4-2f01-40ce-bb36-c9f1f8b420a1,4100,Worker1,40809.107177734375,40818.001220703125,0,40809
af4db3e4-2f01-40ce-bb36-c9f1f8b420a1,4101,Worker1,40815.19921875,40827.001220703125,0,40815
af4db3e4-2f01-40ce-bb36-c9f1f8b420a1,4102,Worker1,40830.126220703125,40841.001220703125,0,40830
af4db3e4-2f01-40ce-bb36-c9f1f8b420a1,4104,Worker1,40832.26220703125,40847.001220703125,0,40832
af4db3e4-2f01-40ce-bb36-c9f1f8b420a1,4103,Worker1,40832.111328125,40845.001220703125,0,40832
af4db3e4-2f01-40ce-bb36-c9f1f8b420a1,4105,Worker1,40852.30712890625,40862.001220703125,0,40852
af4db3e4-2f01-40ce-bb36-c9f1f8b420a1,4106,Worker1,40865.149169921875,40881.001220703125,0,40865
af4db3e4-2f01-40ce-bb36-c9f1f8b420a1,4107,Worker1,40866.108154296875,40879.001220703125,0,40866
af4db3e4-2f01-40ce-bb36-c9f1f8b420a1,4108,Worker1,40872.131103515625,40885.001220703125,0,40872
af4db3e4-2f01-40ce-bb36-c9f1f8b420a1,4109,Worker1,40875.171142578125,40895.001220703125,0,40875
af4db3e4-2f01-40ce-bb36-c9f1f8b420a1,4110,Worker1,40877.110107421875,40890.001220703125,0,40877
af4db3e4-2f01-40ce-bb36-c9f1f8b420a1,4111,Worker1,40877.246337890625,40888.001220703125,0,40877
af4db3e4-2f01-40ce-bb36-c9f1f8b420a1,4112,Worker1,40898.145263671875,40910.001220703125,0,40898
af4db3e4-2f01-40ce-bb36-c9f1f8b420a1,4113,Worker1,40901.109130859375,40913.001220703125,0,40901
af4db3e4-2f01-40ce-bb36-c9f1f8b420a1,4114,Worker1,40902.09619140625,40912.001220703125,0,40902
af4db3e4-2f01-40ce-bb36-c9f1f8b420a1,4115,Worker1,40932.30419921875,40955.001220703125,0,40932
af4db3e4-2f01-40ce-bb36-c9f1f8b420a1,4116,Worker1,40936.207275390625,40953.001220703125,0,40936
af4db3e4-2f01-40ce-bb36-c9f1f8b420a1,4118,Worker1,40938.1142578125,40950.001220703125,0,40938
af4db3e4-2f01-40ce-bb36-c9f1f8b420a1,4117,Worker1,40938.103271484375,40955.001220703125,0,40938
af4db3e4-2f01-40ce-bb36-c9f1f8b420a1,4119,Worker1,40943.2451171875,40954.001220703125,0,40943
af4db3e4-2f01-40ce-bb36-c9f1f8b420a1,4120,Worker1,40960.2841796875,40973.001220703125,0,40960
af4db3e4-2f01-40ce-bb36-c9f1f8b420a1,4121,Worker1,40962.11328125,40974.001220703125,0,40962
af4db3e4-2f01-40ce-bb36-c9f1f8b420a1,4122,Worker1,40970.21826171875,40979.001220703125,0,40970
af4db3e4-2f01-40ce-bb36-c9f1f8b420a1,4123,Worker1,40992.189208984375,41003.001220703125,0,40992
af4db3e4-2f01-40ce-bb36-c9f1f8b420a1,4124,Worker1,40995.15625,41006.001220703125,0,40995
af4db3e4-2f01-40ce-bb36-c9f1f8b420a1,4125,Worker1,41005.21826171875,41016.001220703125,0,41005
af4db3e4-2f01-40ce-bb36-c9f1f8b420a1,4126,Worker1,41011.193115234375,41023.001220703125,0,41011
af4db3e4-2f01-40ce-bb36-c9f1f8b420a1,4127,Worker1,41015.236328125,41025.001220703125,0,41015
af4db3e4-2f01-40ce-bb36-c9f1f8b420a1,4128,Worker1,41017.119140625,41043.001220703125,0,41017
af4db3e4-2f01-40ce-bb36-c9f1f8b420a1,4129,Worker1,41025.104248046875,41044.001220703125,0,41025
af4db3e4-2f01-40ce-bb36-c9f1f8b420a1,4130,Worker1,41049.154296875,41061.001220703125,0,41049
af4db3e4-2f01-40ce-bb36-c9f1f8b420a1,4131,Worker1,41063.26416015625,41084.001220703125,0,41063
af4db3e4-2f01-40ce-bb36-c9f1f8b420a1,4132,Worker1,41073.122314453125,41085.001220703125,0,41073
af4db3e4-2f01-40ce-bb36-c9f1f8b420a1,4133,Worker1,41080.14111328125,41106.001220703125,0,41080
af4db3e4-2f01-40ce-bb36-c9f1f8b420a1,4134,Worker1,41084.17529296875,41096.001220703125,0,41084
af4db3e4-2f01-40ce-bb36-c9f1f8b420a1,4135,Worker1,41086.109130859375,41100.001220703125,0,41086
af4db3e4-2f01-40ce-bb36-c9f1f8b420a1,4136,Worker1,41087.09033203125,41100.001220703125,0,41087
af4db3e4-2f01-40ce-bb36-c9f1f8b420a1,4137,Worker1,41112.166259765625,41122.001220703125,0,41112
af4db3e4-2f01-40ce-bb36-c9f1f8b420a1,4138,Worker1,41127.322265625,41137.001220703125,0,41127
af4db3e4-2f01-40ce-bb36-c9f1f8b420a1,4139,Worker1,41137.191162109375,41149.001220703125,0,41137
af4db3e4-2f01-40ce-bb36-c9f1f8b420a1,4140,Worker1,41180.26513671875,41192.001220703125,0,41180
af4db3e4-2f01-40ce-bb36-c9f1f8b420a1,4141,Worker1,41199.380126953125,41212.001220703125,0,41199
af4db3e4-2f01-40ce-bb36-c9f1f8b420a1,4142,Worker1,41211.123291015625,41224.001220703125,0,41211
af4db3e4-2f01-40ce-bb36-c9f1f8b420a1,4143,Worker1,41212.101318359375,41225.001220703125,0,41212
af4db3e4-2f01-40ce-bb36-c9f1f8b420a1,4144,Worker1,41237.283203125,41262.001220703125,0,41237
af4db3e4-2f01-40ce-bb36-c9f1f8b420a1,4145,Worker1,41252.26416015625,41264.001220703125,0,41252
af4db3e4-2f01-40ce-bb36-c9f1f8b420a1,4146,Worker1,41262.267333984375,41273.001220703125,0,41262
af4db3e4-2f01-40ce-bb36-c9f1f8b420a1,4147,Worker1,41262.267333984375,41274.001220703125,0,41262
af4db3e4-2f01-40ce-bb36-c9f1f8b420a1,4148,Worker1,41266.2392578125,41279.001220703125,0,41266
af4db3e4-2f01-40ce-bb36-c9f1f8b420a1,4149,Worker1,41279.206298828125,41297.001220703125,0,41279
af4db3e4-2f01-40ce-bb36-c9f1f8b420a1,4150,Worker1,41280.100341796875,41291.001220703125,0,41280
af4db3e4-2f01-40ce-bb36-c9f1f8b420a1,4151,Worker1,41307.185302734375,41319.001220703125,0,41307
af4db3e4-2f01-40ce-bb36-c9f1f8b420a1,4152,Worker1,41322.13525390625,41361.001220703125,0,41322
af4db3e4-2f01-40ce-bb36-c9f1f8b420a1,4154,Worker1,41332.3212890625,41344.001220703125,0,41332
af4db3e4-2f01-40ce-bb36-c9f1f8b420a1,4153,Worker1,41332.142333984375,41346.001220703125,0,41332
af4db3e4-2f01-40ce-bb36-c9f1f8b420a1,4155,Worker1,41352.293212890625,41363.001220703125,0,41352
af4db3e4-2f01-40ce-bb36-c9f1f8b420a1,4156,Worker1,41365.17529296875,41377.001220703125,0,41365
af4db3e4-2f01-40ce-bb36-c9f1f8b420a1,4157,Worker1,41366.1123046875,41379.001220703125,0,41366
af4db3e4-2f01-40ce-bb36-c9f1f8b420a1,4158,Worker1,41372.21630859375,41383.001220703125,0,41372
af4db3e4-2f01-40ce-bb36-c9f1f8b420a1,4159,Worker1,41376.234130859375,41388.001220703125,0,41376
af4db3e4-2f01-40ce-bb36-c9f1f8b420a1,4160,Worker1,41378.111328125,41387.001220703125,0,41378
af4db3e4-2f01-40ce-bb36-c9f1f8b420a1,4161,Worker1,41378.125244140625,41391.001220703125,0,41378
af4db3e4-2f01-40ce-bb36-c9f1f8b420a1,4162,Worker1,41383.18310546875,41393.001220703125,0,41383
af4db3e4-2f01-40ce-bb36-c9f1f8b420a1,4163,Worker1,41396.26318359375,41406.001220703125,0,41396
af4db3e4-2f01-40ce-bb36-c9f1f8b420a1,4164,Worker1,41405.129150390625,41416.001220703125,0,41405
af4db3e4-2f01-40ce-bb36-c9f1f8b420a1,4165,Worker1,41411.165283203125,41425.001220703125,0,41411
af4db3e4-2f01-40ce-bb36-c9f1f8b420a1,4166,Worker1,41415.15625,41427.001220703125,0,41415
af4db3e4-2f01-40ce-bb36-c9f1f8b420a1,4167,Worker1,41426.1142578125,41438.001220703125,0,41426
af4db3e4-2f01-40ce-bb36-c9f1f8b420a1,4168,Worker1,41433.2783203125,41445.001220703125,0,41433
af4db3e4-2f01-40ce-bb36-c9f1f8b420a1,4169,Worker1,41455.186279296875,41468.001220703125,0,41455
af4db3e4-2f01-40ce-bb36-c9f1f8b420a1,4170,Worker1,41458.13427734375,41468.001220703125,0,41458
af4db3e4-2f01-40ce-bb36-c9f1f8b420a1,4171,Worker1,41459.109130859375,41479.001220703125,0,41459
af4db3e4-2f01-40ce-bb36-c9f1f8b420a1,4172,Worker1,41490.144287109375,41503.001220703125,0,41490
af4db3e4-2f01-40ce-bb36-c9f1f8b420a1,4173,Worker1,41494.225341796875,41505.001220703125,0,41494
af4db3e4-2f01-40ce-bb36-c9f1f8b420a1,4174,Worker1,41505.149169921875,41518.001220703125,0,41505
af4db3e4-2f01-40ce-bb36-c9f1f8b420a1,4175,Worker1,41513.234130859375,41526.001220703125,0,41513
af4db3e4-2f01-40ce-bb36-c9f1f8b420a1,4176,Worker1,41518.2021484375,41530.001220703125,0,41518
af4db3e4-2f01-40ce-bb36-c9f1f8b420a1,4177,Worker1,41521.1943359375,41533.001220703125,0,41521
af4db3e4-2f01-40ce-bb36-c9f1f8b420a1,4178,Worker1,41522.103271484375,41534.001220703125,0,41522
af4db3e4-2f01-40ce-bb36-c9f1f8b420a1,4179,Worker1,41557.30810546875,41569.001220703125,0,41557
af4db3e4-2f01-40ce-bb36-c9f1f8b420a1,4180,Worker1,41574.17626953125,41588.001220703125,0,41574
af4db3e4-2f01-40ce-bb36-c9f1f8b420a1,4181,Worker1,41576.11328125,41590.001220703125,0,41576
af4db3e4-2f01-40ce-bb36-c9f1f8b420a1,4182,Worker1,41584.1201171875,41597.001220703125,0,41584
af4db3e4-2f01-40ce-bb36-c9f1f8b420a1,4183,Worker1,41607.21923828125,41618.001220703125,0,41607
af4db3e4-2f01-40ce-bb36-c9f1f8b420a1,4184,Worker1,41621.1591796875,41643.001220703125,0,41621
af4db3e4-2f01-40ce-bb36-c9f1f8b420a1,4185,Worker1,41630.164306640625,41641.001220703125,0,41630
af4db3e4-2f01-40ce-bb36-c9f1f8b420a1,4186,Worker1,41667.247314453125,41677.001220703125,0,41667
af4db3e4-2f01-40ce-bb36-c9f1f8b420a1,4187,Worker1,41671.186279296875,41683.001220703125,0,41671
af4db3e4-2f01-40ce-bb36-c9f1f8b420a1,4188,Worker1,41673.11328125,41684.001220703125,0,41673
af4db3e4-2f01-40ce-bb36-c9f1f8b420a1,4189,Worker1,41681.21923828125,41692.001220703125,0,41681
af4db3e4-2f01-40ce-bb36-c9f1f8b420a1,4190,Worker1,41686.128173828125,41697.001220703125,0,41686
af4db3e4-2f01-40ce-bb36-c9f1f8b420a1,4191,Worker1,41689.1171875,41700.001220703125,0,41689
af4db3e4-2f01-40ce-bb36-c9f1f8b420a1,4192,Worker1,41699.240234375,41711.001220703125,0,41699
af4db3e4-2f01-40ce-bb36-c9f1f8b420a1,4193,Worker1,41739.25732421875,41749.001220703125,0,41739
af4db3e4-2f01-40ce-bb36-c9f1f8b420a1,4194,Worker1,41758.187255859375,41771.001220703125,0,41758
af4db3e4-2f01-40ce-bb36-c9f1f8b420a1,4195,Worker1,41760.1142578125,41770.001220703125,0,41760
af4db3e4-2f01-40ce-bb36-c9f1f8b420a1,4196,Worker1,41761.108154296875,41772.001220703125,0,41761
af4db3e4-2f01-40ce-bb36-c9f1f8b420a1,4197,Worker1,41786.277099609375,41798.001220703125,0,41786
af4db3e4-2f01-40ce-bb36-c9f1f8b420a1,4198,Worker1,41801.3193359375,41812.001220703125,0,41801
af4db3e4-2f01-40ce-bb36-c9f1f8b420a1,4199,Worker1,41802.109130859375,41814.001220703125,0,41802
af4db3e4-2f01-40ce-bb36-c9f1f8b420a1,4200,Worker1,41809.167236328125,41821.001220703125,0,41809
af4db3e4-2f01-40ce-bb36-c9f1f8b420a1,4201,Worker1,41828.1123046875,41841.001220703125,0,41828
af4db3e4-2f01-40ce-bb36-c9f1f8b420a1,4202,Worker1,41830.09716796875,41841.001220703125,0,41830
af4db3e4-2f01-40ce-bb36-c9f1f8b420a1,4203,Worker1,41831.100341796875,41840.001220703125,0,41831
af4db3e4-2f01-40ce-bb36-c9f1f8b420a1,4204,Worker1,41856.121337890625,41869.001220703125,0,41856
af4db3e4-2f01-40ce-bb36-c9f1f8b420a1,4205,Worker1,41871.1533203125,41884.001220703125,0,41871
af4db3e4-2f01-40ce-bb36-c9f1f8b420a1,4207,Worker1,41881.1962890625,41897.001220703125,0,41881
af4db3e4-2f01-40ce-bb36-c9f1f8b420a1,4206,Worker1,41881.365234375,41903.001220703125,0,41881
af4db3e4-2f01-40ce-bb36-c9f1f8b420a1,4208,Worker1,41885.210205078125,41901.001220703125,0,41885
af4db3e4-2f01-40ce-bb36-c9f1f8b420a1,4209,Worker1,41887.09912109375,41898.001220703125,0,41887
af4db3e4-2f01-40ce-bb36-c9f1f8b420a1,4210,Worker1,41888.09716796875,41901.001220703125,0,41888
af4db3e4-2f01-40ce-bb36-c9f1f8b420a1,4211,Worker1,41894.22314453125,41905.001220703125,0,41894
af4db3e4-2f01-40ce-bb36-c9f1f8b420a1,4212,Worker1,41897.17626953125,41907.001220703125,0,41897
af4db3e4-2f01-40ce-bb36-c9f1f8b420a1,4213,Worker1,41899.109130859375,41914.001220703125,0,41899
af4db3e4-2f01-40ce-bb36-c9f1f8b420a1,4214,Worker1,41899.107177734375,41912.001220703125,0,41899
af4db3e4-2f01-40ce-bb36-c9f1f8b420a1,4215,Worker1,41919.169189453125,41933.001220703125,0,41919
af4db3e4-2f01-40ce-bb36-c9f1f8b420a1,4216,Worker1,41932.251220703125,41957.001220703125,0,41932
af4db3e4-2f01-40ce-bb36-c9f1f8b420a1,4217,Worker1,41941.085205078125,41952.001220703125,0,41941
af4db3e4-2f01-40ce-bb36-c9f1f8b420a1,4218,Worker1,41970.142333984375,41978.001220703125,0,41970
af4db3e4-2f01-40ce-bb36-c9f1f8b420a1,4219,Worker1,41974.167236328125,41988.001220703125,0,41974
af4db3e4-2f01-40ce-bb36-c9f1f8b420a1,4220,Worker1,41976.100341796875,41987.001220703125,0,41976
af4db3e4-2f01-40ce-bb36-c9f1f8b420a1,4221,Worker1,41983.283203125,41993.001220703125,0,41983
af4db3e4-2f01-40ce-bb36-c9f1f8b420a1,4222,Worker1,42004.334228515625,42015.001220703125,0,42004
af4db3e4-2f01-40ce-bb36-c9f1f8b420a1,4223,Worker1,42017.26318359375,42037.001220703125,0,42017
af4db3e4-2f01-40ce-bb36-c9f1f8b420a1,4224,Worker1,42018.09814453125,42042.001220703125,0,42018
af4db3e4-2f01-40ce-bb36-c9f1f8b420a1,4225,Worker1,42024.126220703125,42039.001220703125,0,42024
af4db3e4-2f01-40ce-bb36-c9f1f8b420a1,4226,Worker1,42041.142333984375,42054.001220703125,0,42041
af4db3e4-2f01-40ce-bb36-c9f1f8b420a1,4228,Worker1,42052.154296875,42062.001220703125,0,42052
af4db3e4-2f01-40ce-bb36-c9f1f8b420a1,4227,Worker1,42052.3251953125,42063.001220703125,0,42052
af4db3e4-2f01-40ce-bb36-c9f1f8b420a1,4229,Worker1,42057.244140625,42069.001220703125,0,42057
af4db3e4-2f01-40ce-bb36-c9f1f8b420a1,4230,Worker1,42071.293212890625,42110.001220703125,0,42071
af4db3e4-2f01-40ce-bb36-c9f1f8b420a1,4231,Worker1,42072.088134765625,42097.001220703125,0,42072
af4db3e4-2f01-40ce-bb36-c9f1f8b420a1,4232,Worker1,42106.13623046875,42121.001220703125,0,42106
af4db3e4-2f01-40ce-bb36-c9f1f8b420a1,4233,Worker1,42123.214111328125,42134.001220703125,0,42123
af4db3e4-2f01-40ce-bb36-c9f1f8b420a1,4235,Worker1,42125.34033203125,42136.001220703125,0,42125
af4db3e4-2f01-40ce-bb36-c9f1f8b420a1,4234,Worker1,42125.121337890625,42137.001220703125,0,42125
af4db3e4-2f01-40ce-bb36-c9f1f8b420a1,4236,Worker1,42147.28125,42164.001220703125,0,42147
af4db3e4-2f01-40ce-bb36-c9f1f8b420a1,4237,Worker1,42161.246337890625,42175.001220703125,0,42161
af4db3e4-2f01-40ce-bb36-c9f1f8b420a1,4238,Worker1,42162.105224609375,42175.001220703125,0,42162
af4db3e4-2f01-40ce-bb36-c9f1f8b420a1,4239,Worker1,42197.310302734375,42207.001220703125,0,42197
af4db3e4-2f01-40ce-bb36-c9f1f8b420a1,4240,Worker1,42215.21826171875,42241.001220703125,0,42215
af4db3e4-2f01-40ce-bb36-c9f1f8b420a1,4242,Worker1,42227.543212890625,42247.001220703125,0,42227
af4db3e4-2f01-40ce-bb36-c9f1f8b420a1,4241,Worker1,42227.3671875,42239.001220703125,0,42227
af4db3e4-2f01-40ce-bb36-c9f1f8b420a1,4243,Worker1,42232.17822265625,42243.001220703125,0,42232
af4db3e4-2f01-40ce-bb36-c9f1f8b420a1,4244,Worker1,42246.188232421875,42257.001220703125,0,42246
af4db3e4-2f01-40ce-bb36-c9f1f8b420a1,4245,Worker1,42256.125244140625,42266.001220703125,0,42256
af4db3e4-2f01-40ce-bb36-c9f1f8b420a1,4246,Worker1,42294.277099609375,42305.001220703125,0,42294
af4db3e4-2f01-40ce-bb36-c9f1f8b420a1,4247,Worker1,42298.26513671875,42311.001220703125,0,42298
af4db3e4-2f01-40ce-bb36-c9f1f8b420a1,4248,Worker1,42300.128173828125,42311.001220703125,0,42300
af4db3e4-2f01-40ce-bb36-c9f1f8b420a1,4249,Worker1,42301.09033203125,42312.001220703125,0,42301
af4db3e4-2f01-40ce-bb36-c9f1f8b420a1,4250,Worker1,42325.21630859375,42337.001220703125,0,42325
af4db3e4-2f01-40ce-bb36-c9f1f8b420a1,4251,Worker1,42340.154296875,42351.001220703125,0,42340
af4db3e4-2f01-40ce-bb36-c9f1f8b420a1,4252,Worker1,42341.109130859375,42354.001220703125,0,42341
af4db3e4-2f01-40ce-bb36-c9f1f8b420a1,4253,Worker1,42387.272216796875,42398.001220703125,0,42387
af4db3e4-2f01-40ce-bb36-c9f1f8b420a1,4254,Worker1,42406.25732421875,42434.001220703125,0,42406
af4db3e4-2f01-40ce-bb36-c9f1f8b420a1,4255,Worker1,42418.248291015625,42430.001220703125,0,42418
af4db3e4-2f01-40ce-bb36-c9f1f8b420a1,4256,Worker1,42419.09033203125,42430.001220703125,0,42419
af4db3e4-2f01-40ce-bb36-c9f1f8b420a1,4257,Worker1,42444.229248046875,42455.001220703125,0,42444
af4db3e4-2f01-40ce-bb36-c9f1f8b420a1,4258,Worker1,42459.208251953125,42472.001220703125,0,42459
af4db3e4-2f01-40ce-bb36-c9f1f8b420a1,4259,Worker1,42469.311279296875,42478.001220703125,0,42469
af4db3e4-2f01-40ce-bb36-c9f1f8b420a1,4260,Worker1,42476.192138671875,42487.001220703125,0,42476
af4db3e4-2f01-40ce-bb36-c9f1f8b420a1,4261,Worker1,42495.32421875,42504.001220703125,0,42495
af4db3e4-2f01-40ce-bb36-c9f1f8b420a1,4262,Worker1,42497.09716796875,42510.001220703125,0,42497
af4db3e4-2f01-40ce-bb36-c9f1f8b420a1,4263,Worker1,42505.229248046875,42515.001220703125,0,42505
af4db3e4-2f01-40ce-bb36-c9f1f8b420a1,4264,Worker1,42511.43115234375,42521.001220703125,0,42511
af4db3e4-2f01-40ce-bb36-c9f1f8b420a1,4265,Worker1,42526.19921875,42535.001220703125,0,42526
af4db3e4-2f01-40ce-bb36-c9f1f8b420a1,4266,Worker1,42528.11328125,42541.001220703125,0,42528
af4db3e4-2f01-40ce-bb36-c9f1f8b420a1,4267,Worker1,42528.30224609375,42541.001220703125,0,42528
af4db3e4-2f01-40ce-bb36-c9f1f8b420a1,4268,Worker1,42548.123291015625,42560.001220703125,0,42548
af4db3e4-2f01-40ce-bb36-c9f1f8b420a1,4269,Worker1,42551.154296875,42562.001220703125,0,42551
af4db3e4-2f01-40ce-bb36-c9f1f8b420a1,4270,Worker1,42560.26123046875,42572.001220703125,0,42560
af4db3e4-2f01-40ce-bb36-c9f1f8b420a1,4271,Worker1,42588.187255859375,42600.001220703125,0,42588
af4db3e4-2f01-40ce-bb36-c9f1f8b420a1,4272,Worker1,42591.1201171875,42604.001220703125,0,42591
af4db3e4-2f01-40ce-bb36-c9f1f8b420a1,4273,Worker1,42593.295166015625,42605.001220703125,0,42593
af4db3e4-2f01-40ce-bb36-c9f1f8b420a1,4274,Worker1,42593.1123046875,42605.001220703125,0,42593
af4db3e4-2f01-40ce-bb36-c9f1f8b420a1,4275,Worker1,42614.165283203125,42637.001220703125,0,42614
af4db3e4-2f01-40ce-bb36-c9f1f8b420a1,4276,Worker1,42627.13720703125,42643.001220703125,0,42627
af4db3e4-2f01-40ce-bb36-c9f1f8b420a1,4277,Worker1,42636.2822265625,42647.001220703125,0,42636
af4db3e4-2f01-40ce-bb36-c9f1f8b420a1,4278,Worker1,42642.311279296875,42656.001220703125,0,42642
af4db3e4-2f01-40ce-bb36-c9f1f8b420a1,4279,Worker1,42658.29931640625,42671.001220703125,0,42658
af4db3e4-2f01-40ce-bb36-c9f1f8b420a1,4280,Worker1,42669.288330078125,42679.001220703125,0,42669
af4db3e4-2f01-40ce-bb36-c9f1f8b420a1,4281,Worker1,42669.461181640625,42682.001220703125,0,42669
af4db3e4-2f01-40ce-bb36-c9f1f8b420a1,4282,Worker1,42674.16015625,42684.001220703125,0,42674
af4db3e4-2f01-40ce-bb36-c9f1f8b420a1,4283,Worker1,42691.279296875,42703.001220703125,0,42691
af4db3e4-2f01-40ce-bb36-c9f1f8b420a1,4285,Worker1,42702.2001953125,42714.001220703125,0,42702
af4db3e4-2f01-40ce-bb36-c9f1f8b420a1,4284,Worker1,42702.2021484375,42714.001220703125,0,42702
af4db3e4-2f01-40ce-bb36-c9f1f8b420a1,4286,Worker1,42707.2392578125,42731.001220703125,0,42707
af4db3e4-2f01-40ce-bb36-c9f1f8b420a1,4287,Worker1,42710.106201171875,42722.001220703125,0,42710
af4db3e4-2f01-40ce-bb36-c9f1f8b420a1,4288,Worker1,42711.103271484375,42729.001220703125,0,42711
af4db3e4-2f01-40ce-bb36-c9f1f8b420a1,4289,Worker1,42717.145263671875,42731.001220703125,0,42717
af4db3e4-2f01-40ce-bb36-c9f1f8b420a1,4290,Worker1,42721.1123046875,42738.001220703125,0,42721
af4db3e4-2f01-40ce-bb36-c9f1f8b420a1,4291,Worker1,42723.110107421875,42735.001220703125,0,42723
af4db3e4-2f01-40ce-bb36-c9f1f8b420a1,4292,Worker1,42731.275146484375,42741.001220703125,0,42731
af4db3e4-2f01-40ce-bb36-c9f1f8b420a1,4293,Worker1,42736.2783203125,42747.001220703125,0,42736
af4db3e4-2f01-40ce-bb36-c9f1f8b420a1,4294,Worker1,42750.213134765625,42782.001220703125,0,42750
af4db3e4-2f01-40ce-bb36-c9f1f8b420a1,4295,Worker1,42751.09326171875,42773.001220703125,0,42751
af4db3e4-2f01-40ce-bb36-c9f1f8b420a1,4296,Worker1,42790.167236328125,42815.001220703125,0,42790
af4db3e4-2f01-40ce-bb36-c9f1f8b420a1,4297,Worker1,42794.149169921875,42810.001220703125,0,42794
af4db3e4-2f01-40ce-bb36-c9f1f8b420a1,4298,Worker1,42796.09716796875,42808.001220703125,0,42796
af4db3e4-2f01-40ce-bb36-c9f1f8b420a1,4299,Worker1,42797.078125,42809.001220703125,0,42797
af4db3e4-2f01-40ce-bb36-c9f1f8b420a1,4300,Worker1,42821.14111328125,42833.001220703125,0,42821
af4db3e4-2f01-40ce-bb36-c9f1f8b420a1,4301,Worker1,42824.26220703125,42837.001220703125,0,42824
af4db3e4-2f01-40ce-bb36-c9f1f8b420a1,4302,Worker1,42834.189208984375,42845.001220703125,0,42834
af4db3e4-2f01-40ce-bb36-c9f1f8b420a1,4303,Worker1,42841.145263671875,42853.001220703125,0,42841
af4db3e4-2f01-40ce-bb36-c9f1f8b420a1,4304,Worker1,42845.28125,42871.001220703125,0,42845
af4db3e4-2f01-40ce-bb36-c9f1f8b420a1,4305,Worker1,42857.119140625,42867.001220703125,0,42857
af4db3e4-2f01-40ce-bb36-c9f1f8b420a1,4306,Worker1,42865.23828125,42878.001220703125,0,42865
af4db3e4-2f01-40ce-bb36-c9f1f8b420a1,4307,Worker1,42890.168212890625,42913.001220703125,0,42890
af4db3e4-2f01-40ce-bb36-c9f1f8b420a1,4308,Worker1,42905.249267578125,42923.001220703125,0,42905
af4db3e4-2f01-40ce-bb36-c9f1f8b420a1,4309,Worker1,42907.1162109375,42924.001220703125,0,42907
af4db3e4-2f01-40ce-bb36-c9f1f8b420a1,4310,Worker1,42970.166259765625,42986.001220703125,0,42970
af4db3e4-2f01-40ce-bb36-c9f1f8b420a1,4311,Worker1,42989.146240234375,43003.001220703125,0,42989
af4db3e4-2f01-40ce-bb36-c9f1f8b420a1,4312,Worker1,42991.26318359375,43001.001220703125,0,42991
af4db3e4-2f01-40ce-bb36-c9f1f8b420a1,4313,Worker1,43000.273193359375,43012.001220703125,0,43000
af4db3e4-2f01-40ce-bb36-c9f1f8b420a1,4314,Worker1,43006.154296875,43018.001220703125,0,43006
af4db3e4-2f01-40ce-bb36-c9f1f8b420a1,4315,Worker1,43009.17822265625,43021.001220703125,0,43009
af4db3e4-2f01-40ce-bb36-c9f1f8b420a1,4316,Worker1,43011.115234375,43022.001220703125,0,43011
af4db3e4-2f01-40ce-bb36-c9f1f8b420a1,4317,Worker1,43011.1201171875,43021.001220703125,0,43011
af4db3e4-2f01-40ce-bb36-c9f1f8b420a1,4318,Worker1,43016.205322265625,43027.001220703125,0,43016
af4db3e4-2f01-40ce-bb36-c9f1f8b420a1,4319,Worker1,43029.188232421875,43039.001220703125,0,43029
af4db3e4-2f01-40ce-bb36-c9f1f8b420a1,4320,Worker1,43038.193115234375,43049.001220703125,0,43038
af4db3e4-2f01-40ce-bb36-c9f1f8b420a1,4321,Worker1,43066.2451171875,43081.001220703125,0,43066
af4db3e4-2f01-40ce-bb36-c9f1f8b420a1,4322,Worker1,43082.1943359375,43092.001220703125,0,43082
af4db3e4-2f01-40ce-bb36-c9f1f8b420a1,4323,Worker1,43084.13818359375,43098.001220703125,0,43084
af4db3e4-2f01-40ce-bb36-c9f1f8b420a1,4324,Worker1,43091.270263671875,43103.001220703125,0,43091
af4db3e4-2f01-40ce-bb36-c9f1f8b420a1,4325,Worker1,43112.272216796875,43125.001220703125,0,43112
af4db3e4-2f01-40ce-bb36-c9f1f8b420a1,4326,Worker1,43115.111328125,43127.001220703125,0,43115
af4db3e4-2f01-40ce-bb36-c9f1f8b420a1,4327,Worker1,43116.106201171875,43127.001220703125,0,43116
af4db3e4-2f01-40ce-bb36-c9f1f8b420a1,4328,Worker1,43147.124267578125,43159.001220703125,0,43147
af4db3e4-2f01-40ce-bb36-c9f1f8b420a1,4329,Worker1,43151.188232421875,43160.001220703125,0,43151
af4db3e4-2f01-40ce-bb36-c9f1f8b420a1,4330,Worker1,43162.119140625,43191.001220703125,0,43162
af4db3e4-2f01-40ce-bb36-c9f1f8b420a1,4331,Worker1,43169.277099609375,43181.001220703125,0,43169
af4db3e4-2f01-40ce-bb36-c9f1f8b420a1,4332,Worker1,43174.2373046875,43188.001220703125,0,43174
af4db3e4-2f01-40ce-bb36-c9f1f8b420a1,4333,Worker1,43177.1201171875,43187.001220703125,0,43177
af4db3e4-2f01-40ce-bb36-c9f1f8b420a1,4334,Worker1,43178.088134765625,43189.001220703125,0,43178
af4db3e4-2f01-40ce-bb36-c9f1f8b420a1,4335,Worker1,43210.3212890625,43221.001220703125,0,43210
af4db3e4-2f01-40ce-bb36-c9f1f8b420a1,4336,Worker1,43214.189208984375,43232.001220703125,0,43214
af4db3e4-2f01-40ce-bb36-c9f1f8b420a1,4337,Worker1,43216.11328125,43228.001220703125,0,43216
af4db3e4-2f01-40ce-bb36-c9f1f8b420a1,4338,Worker1,43224.187255859375,43236.001220703125,0,43224
af4db3e4-2f01-40ce-bb36-c9f1f8b420a1,4339,Worker1,43246.2392578125,43259.001220703125,0,43246
af4db3e4-2f01-40ce-bb36-c9f1f8b420a1,4340,Worker1,43260.129150390625,43273.001220703125,0,43260
af4db3e4-2f01-40ce-bb36-c9f1f8b420a1,4341,Worker1,43269.108154296875,43281.001220703125,0,43269
af4db3e4-2f01-40ce-bb36-c9f1f8b420a1,4342,Worker1,43275.30029296875,43293.001220703125,0,43275
af4db3e4-2f01-40ce-bb36-c9f1f8b420a1,4343,Worker1,43279.124267578125,43292.001220703125,0,43279
af4db3e4-2f01-40ce-bb36-c9f1f8b420a1,4344,Worker1,43290.154296875,43314.001220703125,0,43290
af4db3e4-2f01-40ce-bb36-c9f1f8b420a1,4345,Worker1,43290.379150390625,43304.001220703125,0,43290
af4db3e4-2f01-40ce-bb36-c9f1f8b420a1,4346,Worker1,43295.229248046875,43307.001220703125,0,43295
af4db3e4-2f01-40ce-bb36-c9f1f8b420a1,4347,Worker1,43298.11328125,43308.001220703125,0,43298
af4db3e4-2f01-40ce-bb36-c9f1f8b420a1,4348,Worker1,43299.107177734375,43309.001220703125,0,43299
af4db3e4-2f01-40ce-bb36-c9f1f8b420a1,4349,Worker1,43305.252197265625,43319.001220703125,0,43305
af4db3e4-2f01-40ce-bb36-c9f1f8b420a1,4350,Worker1,43309.109130859375,43321.001220703125,0,43309
af4db3e4-2f01-40ce-bb36-c9f1f8b420a1,4351,Worker1,43321.1982421875,43343.001220703125,0,43321
af4db3e4-2f01-40ce-bb36-c9f1f8b420a1,4352,Worker1,43329.104248046875,43357.001220703125,0,43329
af4db3e4-2f01-40ce-bb36-c9f1f8b420a1,4353,Worker1,43334.30810546875,43346.001220703125,0,43334
af4db3e4-2f01-40ce-bb36-c9f1f8b420a1,4354,Worker1,43337.107177734375,43348.001220703125,0,43337
af4db3e4-2f01-40ce-bb36-c9f1f8b420a1,4355,Worker1,43347.05615234375,43360.001220703125,0,43347
af4db3e4-2f01-40ce-bb36-c9f1f8b420a1,4356,Worker1,43388.150146484375,43397.001220703125,0,43388
af4db3e4-2f01-40ce-bb36-c9f1f8b420a1,4357,Worker1,43406.158203125,43424.001220703125,0,43406
af4db3e4-2f01-40ce-bb36-c9f1f8b420a1,4358,Worker1,43418.208251953125,43428.001220703125,0,43418
af4db3e4-2f01-40ce-bb36-c9f1f8b420a1,4359,Worker1,43426.205322265625,43439.001220703125,0,43426
af4db3e4-2f01-40ce-bb36-c9f1f8b420a1,4360,Worker1,43451.147216796875,43461.001220703125,0,43451
af4db3e4-2f01-40ce-bb36-c9f1f8b420a1,4361,Worker1,43466.29833984375,43478.001220703125,0,43466
af4db3e4-2f01-40ce-bb36-c9f1f8b420a1,4362,Worker1,43467.09814453125,43480.001220703125,0,43467
af4db3e4-2f01-40ce-bb36-c9f1f8b420a1,4363,Worker1,43474.294189453125,43487.001220703125,0,43474
af4db3e4-2f01-40ce-bb36-c9f1f8b420a1,4364,Worker1,43478.18310546875,43488.001220703125,0,43478
af4db3e4-2f01-40ce-bb36-c9f1f8b420a1,4365,Worker1,43480.111328125,43490.001220703125,0,43480
af4db3e4-2f01-40ce-bb36-c9f1f8b420a1,4366,Worker1,43481.103271484375,43503.001220703125,0,43481
af4db3e4-2f01-40ce-bb36-c9f1f8b420a1,4367,Worker1,43487.246337890625,43496.001220703125,0,43487
af4db3e4-2f01-40ce-bb36-c9f1f8b420a1,4368,Worker1,43490.108154296875,43502.001220703125,0,43490
af4db3e4-2f01-40ce-bb36-c9f1f8b420a1,4369,Worker1,43492.107177734375,43503.001220703125,0,43492
af4db3e4-2f01-40ce-bb36-c9f1f8b420a1,4370,Worker1,43499.18310546875,43520.001220703125,0,43499
af4db3e4-2f01-40ce-bb36-c9f1f8b420a1,4371,Worker1,43518.142333984375,43528.001220703125,0,43518
af4db3e4-2f01-40ce-bb36-c9f1f8b420a1,4372,Worker1,43531.1201171875,43542.001220703125,0,43531
af4db3e4-2f01-40ce-bb36-c9f1f8b420a1,4373,Worker1,43532.108154296875,43544.001220703125,0,43532
af4db3e4-2f01-40ce-bb36-c9f1f8b420a1,4374,Worker1,43559.269287109375,43570.001220703125,0,43559
af4db3e4-2f01-40ce-bb36-c9f1f8b420a1,4375,Worker1,43575.206298828125,43587.001220703125,0,43575
af4db3e4-2f01-40ce-bb36-c9f1f8b420a1,4376,Worker1,43585.110107421875,43597.001220703125,0,43585
af4db3e4-2f01-40ce-bb36-c9f1f8b420a1,4377,Worker1,43585.2822265625,43597.001220703125,0,43585
af4db3e4-2f01-40ce-bb36-c9f1f8b420a1,4378,Worker1,43590.1953125,43602.001220703125,0,43590
af4db3e4-2f01-40ce-bb36-c9f1f8b420a1,4379,Worker1,43593.311279296875,43605.001220703125,0,43593
af4db3e4-2f01-40ce-bb36-c9f1f8b420a1,4380,Worker1,43594.131103515625,43617.001220703125,0,43594
af4db3e4-2f01-40ce-bb36-c9f1f8b420a1,4381,Worker1,43623.293212890625,43633.001220703125,0,43623
af4db3e4-2f01-40ce-bb36-c9f1f8b420a1,4382,Worker1,43627.104248046875,43638.001220703125,0,43627
af4db3e4-2f01-40ce-bb36-c9f1f8b420a1,4383,Worker1,43638.1962890625,43670.001220703125,0,43638
af4db3e4-2f01-40ce-bb36-c9f1f8b420a1,4384,Worker1,43638.436279296875,43664.001220703125,0,43638
af4db3e4-2f01-40ce-bb36-c9f1f8b420a1,4385,Worker1,43659.042236328125,43671.001220703125,0,43659
af4db3e4-2f01-40ce-bb36-c9f1f8b420a1,4386,Worker1,43672.103271484375,43685.001220703125,0,43672
af4db3e4-2f01-40ce-bb36-c9f1f8b420a1,4387,Worker1,43673.101318359375,43683.001220703125,0,43673
af4db3e4-2f01-40ce-bb36-c9f1f8b420a1,4388,Worker1,43703.26220703125,43715.001220703125,0,43703
af4db3e4-2f01-40ce-bb36-c9f1f8b420a1,4389,Worker1,43720.2861328125,43739.001220703125,0,43720
af4db3e4-2f01-40ce-bb36-c9f1f8b420a1,4390,Worker1,43731.209228515625,43755.001220703125,0,43731
af4db3e4-2f01-40ce-bb36-c9f1f8b420a1,4391,Worker1,43738.21826171875,43749.001220703125,0,43738
af4db3e4-2f01-40ce-bb36-c9f1f8b420a1,4392,Worker1,43743.205322265625,43756.001220703125,0,43743
af4db3e4-2f01-40ce-bb36-c9f1f8b420a1,4393,Worker1,43746.28125,43755.001220703125,0,43746
af4db3e4-2f01-40ce-bb36-c9f1f8b420a1,4394,Worker1,43755.250244140625,43765.001220703125,0,43755
af4db3e4-2f01-40ce-bb36-c9f1f8b420a1,4395,Worker1,43761.1982421875,43772.001220703125,0,43761
af4db3e4-2f01-40ce-bb36-c9f1f8b420a1,4396,Worker1,43778.26611328125,43803.001220703125,0,43778
af4db3e4-2f01-40ce-bb36-c9f1f8b420a1,4397,Worker1,43789.294189453125,43803.001220703125,0,43789
af4db3e4-2f01-40ce-bb36-c9f1f8b420a1,4398,Worker1,43789.476318359375,43869.001220703125,0,43789
af4db3e4-2f01-40ce-bb36-c9f1f8b420a1,4399,Worker1,43794.13525390625,43815.001220703125,0,43794
af4db3e4-2f01-40ce-bb36-c9f1f8b420a1,4400,Worker1,43797.231201171875,43807.001220703125,0,43797
af4db3e4-2f01-40ce-bb36-c9f1f8b420a1,4401,Worker1,43798.09912109375,43807.001220703125,0,43798
af4db3e4-2f01-40ce-bb36-c9f1f8b420a1,4402,Worker1,43804.14013671875,43816.001220703125,0,43804
af4db3e4-2f01-40ce-bb36-c9f1f8b420a1,4403,Worker1,43808.26611328125,43819.001220703125,0,43808
af4db3e4-2f01-40ce-bb36-c9f1f8b420a1,4404,Worker1,43810.106201171875,43833.001220703125,0,43810
af4db3e4-2f01-40ce-bb36-c9f1f8b420a1,4405,Worker1,43818.186279296875,43837.001220703125,0,43818
af4db3e4-2f01-40ce-bb36-c9f1f8b420a1,4406,Worker1,43841.248291015625,43852.001220703125,0,43841
af4db3e4-2f01-40ce-bb36-c9f1f8b420a1,4407,Worker1,43844.234130859375,43863.001220703125,0,43844
af4db3e4-2f01-40ce-bb36-c9f1f8b420a1,4408,Worker1,43854.22021484375,43879.001220703125,0,43854
af4db3e4-2f01-40ce-bb36-c9f1f8b420a1,4409,Worker1,43893.2021484375,43904.001220703125,0,43893
af4db3e4-2f01-40ce-bb36-c9f1f8b420a1,4410,Worker1,43911.26416015625,43925.001220703125,0,43911
af4db3e4-2f01-40ce-bb36-c9f1f8b420a1,4411,Worker1,43923.337158203125,43935.001220703125,0,43923
af4db3e4-2f01-40ce-bb36-c9f1f8b420a1,4412,Worker1,43931.150146484375,43942.001220703125,0,43931
af4db3e4-2f01-40ce-bb36-c9f1f8b420a1,4413,Worker1,43936.191162109375,43948.001220703125,0,43936
af4db3e4-2f01-40ce-bb36-c9f1f8b420a1,4414,Worker1,43951.201171875,43964.001220703125,0,43951
af4db3e4-2f01-40ce-bb36-c9f1f8b420a1,4415,Worker1,43952.104248046875,43963.001220703125,0,43952
af4db3e4-2f01-40ce-bb36-c9f1f8b420a1,4416,Worker1,43993.13427734375,44003.001220703125,0,43993
af4db3e4-2f01-40ce-bb36-c9f1f8b420a1,4417,Worker1,43997.2421875,44008.001220703125,0,43997
af4db3e4-2f01-40ce-bb36-c9f1f8b420a1,4418,Worker1,43999.107177734375,44014.001220703125,0,43999
af4db3e4-2f01-40ce-bb36-c9f1f8b420a1,4419,Worker1,44007.129150390625,44023.001220703125,0,44007
af4db3e4-2f01-40ce-bb36-c9f1f8b420a1,4420,Worker1,44012.30419921875,44037.001220703125,0,44012
af4db3e4-2f01-40ce-bb36-c9f1f8b420a1,4421,Worker1,44027.279296875,44037.001220703125,0,44027
af4db3e4-2f01-40ce-bb36-c9f1f8b420a1,4422,Worker1,44028.107177734375,44040.001220703125,0,44028
af4db3e4-2f01-40ce-bb36-c9f1f8b420a1,4423,Worker1,44035.17529296875,44057.001220703125,0,44035
af4db3e4-2f01-40ce-bb36-c9f1f8b420a1,4424,Worker1,44054.1611328125,44065.001220703125,0,44054
af4db3e4-2f01-40ce-bb36-c9f1f8b420a1,4425,Worker1,44066.213134765625,44078.001220703125,0,44066
af4db3e4-2f01-40ce-bb36-c9f1f8b420a1,4426,Worker1,44067.102294921875,44082.001220703125,0,44067
af4db3e4-2f01-40ce-bb36-c9f1f8b420a1,4427,Worker1,44094.2041015625,44105.001220703125,0,44094
af4db3e4-2f01-40ce-bb36-c9f1f8b420a1,4428,Worker1,44109.13818359375,44121.001220703125,0,44109
af4db3e4-2f01-40ce-bb36-c9f1f8b420a1,4429,Worker1,44119.43115234375,44131.001220703125,0,44119
af4db3e4-2f01-40ce-bb36-c9f1f8b420a1,4430,Worker1,44119.671142578125,44133.001220703125,0,44119
af4db3e4-2f01-40ce-bb36-c9f1f8b420a1,4431,Worker1,44123.289306640625,44136.001220703125,0,44123
af4db3e4-2f01-40ce-bb36-c9f1f8b420a1,4432,Worker1,44125.09521484375,44139.001220703125,0,44125
af4db3e4-2f01-40ce-bb36-c9f1f8b420a1,4433,Worker1,44126.080322265625,44137.001220703125,0,44126
af4db3e4-2f01-40ce-bb36-c9f1f8b420a1,4434,Worker1,44154.17529296875,44167.001220703125,0,44154
af4db3e4-2f01-40ce-bb36-c9f1f8b420a1,4435,Worker1,44157.291259765625,44183.001220703125,0,44157
af4db3e4-2f01-40ce-bb36-c9f1f8b420a1,4436,Worker1,44167.13330078125,44214.001220703125,0,44167
af4db3e4-2f01-40ce-bb36-c9f1f8b420a1,4437,Worker1,44176.240234375,44187.001220703125,0,44176
af4db3e4-2f01-40ce-bb36-c9f1f8b420a1,4438,Worker1,44207.209228515625,44220.001220703125,0,44207
af4db3e4-2f01-40ce-bb36-c9f1f8b420a1,4439,Worker1,44211.1142578125,44224.001220703125,0,44211
af4db3e4-2f01-40ce-bb36-c9f1f8b420a1,4440,Worker1,44222.152099609375,44242.001220703125,0,44222
af4db3e4-2f01-40ce-bb36-c9f1f8b420a1,4441,Worker1,44222.13818359375,44234.001220703125,0,44222
af4db3e4-2f01-40ce-bb36-c9f1f8b420a1,4442,Worker1,44244.1943359375,44253.001220703125,0,44244
af4db3e4-2f01-40ce-bb36-c9f1f8b420a1,4443,Worker1,44258.16015625,44270.001220703125,0,44258
af4db3e4-2f01-40ce-bb36-c9f1f8b420a1,4444,Worker1,44259.100341796875,44273.001220703125,0,44259
af4db3e4-2f01-40ce-bb36-c9f1f8b420a1,4445,Worker1,44265.11328125,44275.001220703125,0,44265
af4db3e4-2f01-40ce-bb36-c9f1f8b420a1,4446,Worker1,44269.267333984375,44279.001220703125,0,44269
af4db3e4-2f01-40ce-bb36-c9f1f8b420a1,4447,Worker1,44271.102294921875,44283.001220703125,0,44271
af4db3e4-2f01-40ce-bb36-c9f1f8b420a1,4448,Worker1,44271.3291015625,44286.001220703125,0,44271
af4db3e4-2f01-40ce-bb36-c9f1f8b420a1,4449,Worker1,44294.3212890625,44307.001220703125,0,44294
af4db3e4-2f01-40ce-bb36-c9f1f8b420a1,4450,Worker1,44308.235107421875,44320.001220703125,0,44308
af4db3e4-2f01-40ce-bb36-c9f1f8b420a1,4451,Worker1,44309.09814453125,44325.001220703125,0,44309
af4db3e4-2f01-40ce-bb36-c9f1f8b420a1,4452,Worker1,44315.151123046875,44325.001220703125,0,44315
af4db3e4-2f01-40ce-bb36-c9f1f8b420a1,4453,Worker1,44333.26513671875,44345.001220703125,0,44333
af4db3e4-2f01-40ce-bb36-c9f1f8b420a1,4454,Worker1,44345.123291015625,44356.001220703125,0,44345
af4db3e4-2f01-40ce-bb36-c9f1f8b420a1,4455,Worker1,44353.1953125,44365.001220703125,0,44353
af4db3e4-2f01-40ce-bb36-c9f1f8b420a1,4456,Worker1,44376.192138671875,44386.001220703125,0,44376
af4db3e4-2f01-40ce-bb36-c9f1f8b420a1,4457,Worker1,44390.297119140625,44399.001220703125,0,44390
af4db3e4-2f01-40ce-bb36-c9f1f8b420a1,4458,Worker1,44400.165283203125,44412.001220703125,0,44400
af4db3e4-2f01-40ce-bb36-c9f1f8b420a1,4459,Worker1,44438.17724609375,44450.001220703125,0,44438
af4db3e4-2f01-40ce-bb36-c9f1f8b420a1,4460,Worker1,44442.17919921875,44453.001220703125,0,44442
af4db3e4-2f01-40ce-bb36-c9f1f8b420a1,4461,Worker1,44444.109130859375,44456.001220703125,0,44444
af4db3e4-2f01-40ce-bb36-c9f1f8b420a1,4462,Worker1,44445.101318359375,44455.001220703125,0,44445
af4db3e4-2f01-40ce-bb36-c9f1f8b420a1,4463,Worker1,44469.276123046875,44479.001220703125,0,44469
af4db3e4-2f01-40ce-bb36-c9f1f8b420a1,4464,Worker1,44484.26611328125,44496.001220703125,0,44484
af4db3e4-2f01-40ce-bb36-c9f1f8b420a1,4465,Worker1,44485.104248046875,44498.001220703125,0,44485
af4db3e4-2f01-40ce-bb36-c9f1f8b420a1,4466,Worker1,44532.250244140625,44544.001220703125,0,44532
af4db3e4-2f01-40ce-bb36-c9f1f8b420a1,4467,Worker1,44536.246337890625,44546.001220703125,0,44536
af4db3e4-2f01-40ce-bb36-c9f1f8b420a1,4468,Worker1,44538.1142578125,44549.001220703125,0,44538
af4db3e4-2f01-40ce-bb36-c9f1f8b420a1,4469,Worker1,44539.104248046875,44552.001220703125,0,44539
af4db3e4-2f01-40ce-bb36-c9f1f8b420a1,4470,Worker1,44565.270263671875,44577.001220703125,0,44565
af4db3e4-2f01-40ce-bb36-c9f1f8b420a1,4471,Worker1,44568.13720703125,44579.001220703125,0,44568
af4db3e4-2f01-40ce-bb36-c9f1f8b420a1,4472,Worker1,44578.30810546875,44590.001220703125,0,44578
af4db3e4-2f01-40ce-bb36-c9f1f8b420a1,4473,Worker1,44635.253173828125,44646.001220703125,0,44635
af4db3e4-2f01-40ce-bb36-c9f1f8b420a1,4474,Worker1,44639.21923828125,44648.001220703125,0,44639
af4db3e4-2f01-40ce-bb36-c9f1f8b420a1,4475,Worker1,44652.310302734375,44663.001220703125,0,44652
af4db3e4-2f01-40ce-bb36-c9f1f8b420a1,4476,Worker1,44661.3203125,44735.001220703125,0,44661
af4db3e4-2f01-40ce-bb36-c9f1f8b420a1,4477,Worker1,44667.38427734375,44679.001220703125,0,44667
af4db3e4-2f01-40ce-bb36-c9f1f8b420a1,4478,Worker1,44670.30126953125,44680.001220703125,0,44670
af4db3e4-2f01-40ce-bb36-c9f1f8b420a1,4480,Worker1,44672.296142578125,44684.001220703125,0,44672
af4db3e4-2f01-40ce-bb36-c9f1f8b420a1,4479,Worker1,44672.111328125,44685.001220703125,0,44672
af4db3e4-2f01-40ce-bb36-c9f1f8b420a1,4481,Worker1,44692.225341796875,44704.001220703125,0,44692
af4db3e4-2f01-40ce-bb36-c9f1f8b420a1,4482,Worker1,44705.314208984375,44716.001220703125,0,44705
af4db3e4-2f01-40ce-bb36-c9f1f8b420a1,4483,Worker1,44714.106201171875,44737.001220703125,0,44714
af4db3e4-2f01-40ce-bb36-c9f1f8b420a1,4484,Worker1,44720.102294921875,44730.001220703125,0,44720
af4db3e4-2f01-40ce-bb36-c9f1f8b420a1,4485,Worker1,44736.206298828125,44747.001220703125,0,44736
af4db3e4-2f01-40ce-bb36-c9f1f8b420a1,4486,Worker1,44747.317138671875,44757.001220703125,0,44747
af4db3e4-2f01-40ce-bb36-c9f1f8b420a1,4487,Worker1,44747.483154296875,44756.001220703125,0,44747
af4db3e4-2f01-40ce-bb36-c9f1f8b420a1,4488,Worker1,44752.13232421875,44762.001220703125,0,44752
af4db3e4-2f01-40ce-bb36-c9f1f8b420a1,4489,Worker1,44755.192138671875,44766.001220703125,0,44755
af4db3e4-2f01-40ce-bb36-c9f1f8b420a1,4490,Worker1,44756.103271484375,44783.001220703125,0,44756
af4db3e4-2f01-40ce-bb36-c9f1f8b420a1,4491,Worker1,44762.2412109375,44773.001220703125,0,44762
af4db3e4-2f01-40ce-bb36-c9f1f8b420a1,4492,Worker1,44766.240234375,44775.001220703125,0,44766
af4db3e4-2f01-40ce-bb36-c9f1f8b420a1,4493,Worker1,44777.294189453125,44788.001220703125,0,44777
af4db3e4-2f01-40ce-bb36-c9f1f8b420a1,4494,Worker1,44784.144287109375,44797.001220703125,0,44784
af4db3e4-2f01-40ce-bb36-c9f1f8b420a1,4495,Worker1,44806.164306640625,44820.001220703125,0,44806
af4db3e4-2f01-40ce-bb36-c9f1f8b420a1,4496,Worker1,44819.184326171875,44829.001220703125,0,44819
af4db3e4-2f01-40ce-bb36-c9f1f8b420a1,4497,Worker1,44820.111328125,44837.001220703125,0,44820
af4db3e4-2f01-40ce-bb36-c9f1f8b420a1,4498,Worker1,44826.273193359375,44838.001220703125,0,44826
af4db3e4-2f01-40ce-bb36-c9f1f8b420a1,4499,Worker1,44830.123291015625,44841.001220703125,0,44830
af4db3e4-2f01-40ce-bb36-c9f1f8b420a1,4500,Worker1,44841.128173828125,44852.001220703125,0,44841
af4db3e4-2f01-40ce-bb36-c9f1f8b420a1,4501,Worker1,44841.26220703125,44863.001220703125,0,44841
af4db3e4-2f01-40ce-bb36-c9f1f8b420a1,4502,Worker1,44846.1142578125,44868.001220703125,0,44846
af4db3e4-2f01-40ce-bb36-c9f1f8b420a1,4503,Worker1,44860.17919921875,44874.001220703125,0,44860
af4db3e4-2f01-40ce-bb36-c9f1f8b420a1,4504,Worker1,44869.247314453125,44891.001220703125,0,44869
af4db3e4-2f01-40ce-bb36-c9f1f8b420a1,4505,Worker1,44875.186279296875,44893.001220703125,0,44875
af4db3e4-2f01-40ce-bb36-c9f1f8b420a1,4506,Worker1,44893.276123046875,44903.001220703125,0,44893
af4db3e4-2f01-40ce-bb36-c9f1f8b420a1,4507,Worker1,44895.1181640625,44906.001220703125,0,44895
af4db3e4-2f01-40ce-bb36-c9f1f8b420a1,4508,Worker1,44903.250244140625,44915.001220703125,0,44903
af4db3e4-2f01-40ce-bb36-c9f1f8b420a1,4509,Worker1,44926.267333984375,44944.001220703125,0,44926
af4db3e4-2f01-40ce-bb36-c9f1f8b420a1,4510,Worker1,44929.115234375,44940.001220703125,0,44929
af4db3e4-2f01-40ce-bb36-c9f1f8b420a1,4511,Worker1,44939.2451171875,44954.001220703125,0,44939
af4db3e4-2f01-40ce-bb36-c9f1f8b420a1,4512,Worker1,44945.214111328125,44960.001220703125,0,44945
af4db3e4-2f01-40ce-bb36-c9f1f8b420a1,4513,Worker1,44949.256103515625,44960.001220703125,0,44949
af4db3e4-2f01-40ce-bb36-c9f1f8b420a1,4514,Worker1,44951.46630859375,44963.001220703125,0,44951
af4db3e4-2f01-40ce-bb36-c9f1f8b420a1,4515,Worker1,44951.29833984375,44962.001220703125,0,44951
af4db3e4-2f01-40ce-bb36-c9f1f8b420a1,4516,Worker1,44975.2822265625,44988.001220703125,0,44975
af4db3e4-2f01-40ce-bb36-c9f1f8b420a1,4517,Worker1,44978.191162109375,44988.001220703125,0,44978
af4db3e4-2f01-40ce-bb36-c9f1f8b420a1,4518,Worker1,44979.108154296875,44991.001220703125,0,44979
af4db3e4-2f01-40ce-bb36-c9f1f8b420a1,4519,Worker1,45021.25732421875,45031.001220703125,0,45021
af4db3e4-2f01-40ce-bb36-c9f1f8b420a1,4520,Worker1,45039.274169921875,45051.001220703125,0,45039
af4db3e4-2f01-40ce-bb36-c9f1f8b420a1,4521,Worker1,45041.126220703125,45054.001220703125,0,45041
af4db3e4-2f01-40ce-bb36-c9f1f8b420a1,4522,Worker1,45049.187255859375,45063.001220703125,0,45049
af4db3e4-2f01-40ce-bb36-c9f1f8b420a1,4523,Worker1,45074.231201171875,45084.001220703125,0,45074
af4db3e4-2f01-40ce-bb36-c9f1f8b420a1,4524,Worker1,45089.441162109375,45101.001220703125,0,45089
af4db3e4-2f01-40ce-bb36-c9f1f8b420a1,4525,Worker1,45099.21826171875,45110.001220703125,0,45099
af4db3e4-2f01-40ce-bb36-c9f1f8b420a1,4526,Worker1,45145.26416015625,45171.001220703125,0,45145
af4db3e4-2f01-40ce-bb36-c9f1f8b420a1,4527,Worker1,45149.100341796875,45164.001220703125,0,45149
af4db3e4-2f01-40ce-bb36-c9f1f8b420a1,4528,Worker1,45151.1181640625,45161.001220703125,0,45151
af4db3e4-2f01-40ce-bb36-c9f1f8b420a1,4529,Worker1,45152.09228515625,45163.001220703125,0,45152
af4db3e4-2f01-40ce-bb36-c9f1f8b420a1,4530,Worker1,45178.244140625,45192.001220703125,0,45178
af4db3e4-2f01-40ce-bb36-c9f1f8b420a1,4531,Worker1,45181.162109375,45197.001220703125,0,45181
af4db3e4-2f01-40ce-bb36-c9f1f8b420a1,4532,Worker1,45183.101318359375,45197.001220703125,0,45183
af4db3e4-2f01-40ce-bb36-c9f1f8b420a1,4533,Worker1,45262.17626953125,45273.001220703125,0,45262
af4db3e4-2f01-40ce-bb36-c9f1f8b420a1,4534,Worker1,45281.248291015625,45291.001220703125,0,45281
af4db3e4-2f01-40ce-bb36-c9f1f8b420a1,4535,Worker1,45283.11328125,45293.001220703125,0,45283
af4db3e4-2f01-40ce-bb36-c9f1f8b420a1,4536,Worker1,45284.109130859375,45297.001220703125,0,45284
af4db3e4-2f01-40ce-bb36-c9f1f8b420a1,4537,Worker1,45290.21923828125,45303.001220703125,0,45290
af4db3e4-2f01-40ce-bb36-c9f1f8b420a1,4538,Worker1,45293.26416015625,45307.001220703125,0,45293
af4db3e4-2f01-40ce-bb36-c9f1f8b420a1,4539,Worker1,45295.119140625,45305.001220703125,0,45295
af4db3e4-2f01-40ce-bb36-c9f1f8b420a1,4540,Worker1,45302.1953125,45315.001220703125,0,45302
af4db3e4-2f01-40ce-bb36-c9f1f8b420a1,4541,Worker1,45307.23828125,45318.001220703125,0,45307
af4db3e4-2f01-40ce-bb36-c9f1f8b420a1,4542,Worker1,45310.207275390625,45340.001220703125,0,45310
af4db3e4-2f01-40ce-bb36-c9f1f8b420a1,4543,Worker1,45319.28515625,45329.001220703125,0,45319
af4db3e4-2f01-40ce-bb36-c9f1f8b420a1,4544,Worker1,45325.127197265625,45336.001220703125,0,45325
af4db3e4-2f01-40ce-bb36-c9f1f8b420a1,4545,Worker1,45341.22412109375,45363.001220703125,0,45341
af4db3e4-2f01-40ce-bb36-c9f1f8b420a1,4546,Worker1,45343.26611328125,45354.001220703125,0,45343
af4db3e4-2f01-40ce-bb36-c9f1f8b420a1,4547,Worker1,45343.1123046875,45355.001220703125,0,45343
af4db3e4-2f01-40ce-bb36-c9f1f8b420a1,4548,Worker1,45348.11328125,45371.001220703125,0,45348
af4db3e4-2f01-40ce-bb36-c9f1f8b420a1,4549,Worker1,45361.26513671875,45373.001220703125,0,45361
af4db3e4-2f01-40ce-bb36-c9f1f8b420a1,4550,Worker1,45370.13720703125,45380.001220703125,0,45370
af4db3e4-2f01-40ce-bb36-c9f1f8b420a1,4551,Worker1,45376.236328125,45387.001220703125,0,45376
af4db3e4-2f01-40ce-bb36-c9f1f8b420a1,4552,Worker1,45380.13720703125,45390.001220703125,0,45380
af4db3e4-2f01-40ce-bb36-c9f1f8b420a1,4553,Worker1,45382.09228515625,45393.001220703125,0,45382
af4db3e4-2f01-40ce-bb36-c9f1f8b420a1,4554,Worker1,45389.212158203125,45401.001220703125,0,45389
af4db3e4-2f01-40ce-bb36-c9f1f8b420a1,4555,Worker1,45411.25830078125,45423.001220703125,0,45411
af4db3e4-2f01-40ce-bb36-c9f1f8b420a1,4556,Worker1,45425.1181640625,45448.001220703125,0,45425
af4db3e4-2f01-40ce-bb36-c9f1f8b420a1,4557,Worker1,45426.088134765625,45439.001220703125,0,45426
af4db3e4-2f01-40ce-bb36-c9f1f8b420a1,4558,Worker1,45458.316162109375,45469.001220703125,0,45458
af4db3e4-2f01-40ce-bb36-c9f1f8b420a1,4559,Worker1,45462.311279296875,45474.001220703125,0,45462
af4db3e4-2f01-40ce-bb36-c9f1f8b420a1,4560,Worker1,45473.314208984375,45485.001220703125,0,45473
af4db3e4-2f01-40ce-bb36-c9f1f8b420a1,4561,Worker1,45473.336181640625,45485.001220703125,0,45473
af4db3e4-2f01-40ce-bb36-c9f1f8b420a1,4562,Worker1,45495.270263671875,45508.001220703125,0,45495
af4db3e4-2f01-40ce-bb36-c9f1f8b420a1,4563,Worker1,45498.11328125,45510.001220703125,0,45498
af4db3e4-2f01-40ce-bb36-c9f1f8b420a1,4564,Worker1,45499.09912109375,45509.001220703125,0,45499
af4db3e4-2f01-40ce-bb36-c9f1f8b420a1,4565,Worker1,45533.360107421875,45544.001220703125,0,45533
af4db3e4-2f01-40ce-bb36-c9f1f8b420a1,4566,Worker1,45550.123291015625,45561.001220703125,0,45550
af4db3e4-2f01-40ce-bb36-c9f1f8b420a1,4567,Worker1,45562.129150390625,45573.001220703125,0,45562
af4db3e4-2f01-40ce-bb36-c9f1f8b420a1,4568,Worker1,45570.151123046875,45580.001220703125,0,45570
af4db3e4-2f01-40ce-bb36-c9f1f8b420a1,4569,Worker1,45593.187255859375,45655.001220703125,0,45593
af4db3e4-2f01-40ce-bb36-c9f1f8b420a1,4570,Worker1,45596.142333984375,45606.001220703125,0,45596
af4db3e4-2f01-40ce-bb36-c9f1f8b420a1,4571,Worker1,45606.267333984375,45619.001220703125,0,45606
af4db3e4-2f01-40ce-bb36-c9f1f8b420a1,4572,Worker1,45643.283203125,45656.001220703125,0,45643
af4db3e4-2f01-40ce-bb36-c9f1f8b420a1,4573,Worker1,45661.150146484375,45670.001220703125,0,45661
af4db3e4-2f01-40ce-bb36-c9f1f8b420a1,4574,Worker1,45663.11328125,45691.001220703125,0,45663
af4db3e4-2f01-40ce-bb36-c9f1f8b420a1,4575,Worker1,45664.106201171875,45673.001220703125,0,45664
af4db3e4-2f01-40ce-bb36-c9f1f8b420a1,4576,Worker1,45669.1943359375,45679.001220703125,0,45669
af4db3e4-2f01-40ce-bb36-c9f1f8b420a1,4577,Worker1,45672.201171875,45683.001220703125,0,45672
af4db3e4-2f01-40ce-bb36-c9f1f8b420a1,4578,Worker1,45682.128173828125,45690.001220703125,0,45682
af4db3e4-2f01-40ce-bb36-c9f1f8b420a1,4579,Worker1,45689.26416015625,45768.001220703125,0,45689
af4db3e4-2f01-40ce-bb36-c9f1f8b420a1,4580,Worker1,45693.23828125,45703.001220703125,0,45693
af4db3e4-2f01-40ce-bb36-c9f1f8b420a1,4581,Worker1,45705.268310546875,45718.001220703125,0,45705
af4db3e4-2f01-40ce-bb36-c9f1f8b420a1,4582,Worker1,45706.09326171875,45720.001220703125,0,45706
af4db3e4-2f01-40ce-bb36-c9f1f8b420a1,4583,Worker1,45732.144287109375,45745.001220703125,0,45732
af4db3e4-2f01-40ce-bb36-c9f1f8b420a1,4584,Worker1,45735.256103515625,45745.001220703125,0,45735
af4db3e4-2f01-40ce-bb36-c9f1f8b420a1,4585,Worker1,45736.108154296875,45747.001220703125,0,45736
af4db3e4-2f01-40ce-bb36-c9f1f8b420a1,4586,Worker1,45743.13623046875,45754.001220703125,0,45743
af4db3e4-2f01-40ce-bb36-c9f1f8b420a1,4587,Worker1,45762.150146484375,45774.001220703125,0,45762
af4db3e4-2f01-40ce-bb36-c9f1f8b420a1,4588,Worker1,45774.189208984375,45785.001220703125,0,45774
af4db3e4-2f01-40ce-bb36-c9f1f8b420a1,4589,Worker1,45783.25927734375,45795.001220703125,0,45783
af4db3e4-2f01-40ce-bb36-c9f1f8b420a1,4590,Worker1,45789.251220703125,45801.001220703125,0,45789
af4db3e4-2f01-40ce-bb36-c9f1f8b420a1,4591,Worker1,45792.26123046875,45804.001220703125,0,45792
af4db3e4-2f01-40ce-bb36-c9f1f8b420a1,4592,Worker1,45794.111328125,45805.001220703125,0,45794
af4db3e4-2f01-40ce-bb36-c9f1f8b420a1,4593,Worker1,45801.149169921875,45813.001220703125,0,45801
af4db3e4-2f01-40ce-bb36-c9f1f8b420a1,4594,Worker1,45821.316162109375,45830.001220703125,0,45821
af4db3e4-2f01-40ce-bb36-c9f1f8b420a1,4595,Worker1,45834.129150390625,45855.001220703125,0,45834
af4db3e4-2f01-40ce-bb36-c9f1f8b420a1,4596,Worker1,45835.105224609375,45850.001220703125,0,45835
af4db3e4-2f01-40ce-bb36-c9f1f8b420a1,4597,Worker1,45841.09814453125,45852.001220703125,0,45841
af4db3e4-2f01-40ce-bb36-c9f1f8b420a1,4598,Worker1,45844.170166015625,45859.001220703125,0,45844
af4db3e4-2f01-40ce-bb36-c9f1f8b420a1,4599,Worker1,45855.1142578125,45870.001220703125,0,45855
af4db3e4-2f01-40ce-bb36-c9f1f8b420a1,4600,Worker1,45862.2001953125,45884.001220703125,0,45862
af4db3e4-2f01-40ce-bb36-c9f1f8b420a1,4601,Worker1,45883.1533203125,45892.001220703125,0,45883
af4db3e4-2f01-40ce-bb36-c9f1f8b420a1,4602,Worker1,45896.186279296875,45908.001220703125,0,45896
af4db3e4-2f01-40ce-bb36-c9f1f8b420a1,4603,Worker1,45907.03125,45923.001220703125,0,45907
af4db3e4-2f01-40ce-bb36-c9f1f8b420a1,4604,Worker1,45915.210205078125,45926.001220703125,0,45915
af4db3e4-2f01-40ce-bb36-c9f1f8b420a1,4605,Worker1,45937.26123046875,45948.001220703125,0,45937
af4db3e4-2f01-40ce-bb36-c9f1f8b420a1,4606,Worker1,45951.126220703125,45961.001220703125,0,45951
af4db3e4-2f01-40ce-bb36-c9f1f8b420a1,4607,Worker1,45952.100341796875,45962.001220703125,0,45952
af4db3e4-2f01-40ce-bb36-c9f1f8b420a1,4608,Worker1,45985.394287109375,45996.001220703125,0,45985
af4db3e4-2f01-40ce-bb36-c9f1f8b420a1,4609,Worker1,46002.30322265625,46020.001220703125,0,46002
af4db3e4-2f01-40ce-bb36-c9f1f8b420a1,4610,Worker1,46013.2041015625,46025.001220703125,0,46013
af4db3e4-2f01-40ce-bb36-c9f1f8b420a1,4611,Worker1,46021.206298828125,46031.001220703125,0,46021
af4db3e4-2f01-40ce-bb36-c9f1f8b420a1,4612,Worker1,46044.233154296875,46053.001220703125,0,46044
af4db3e4-2f01-40ce-bb36-c9f1f8b420a1,4613,Worker1,46047.1171875,46058.001220703125,0,46047
af4db3e4-2f01-40ce-bb36-c9f1f8b420a1,4614,Worker1,46056.26318359375,46066.001220703125,0,46056
af4db3e4-2f01-40ce-bb36-c9f1f8b420a1,4615,Worker1,46062.13232421875,46073.001220703125,0,46062
af4db3e4-2f01-40ce-bb36-c9f1f8b420a1,4616,Worker1,46066.18212890625,46077.001220703125,0,46066
af4db3e4-2f01-40ce-bb36-c9f1f8b420a1,4617,Worker1,46077.293212890625,46087.001220703125,0,46077
af4db3e4-2f01-40ce-bb36-c9f1f8b420a1,4618,Worker1,46085.03515625,46133.001220703125,0,46085
af4db3e4-2f01-40ce-bb36-c9f1f8b420a1,4619,Worker1,46108.232177734375,46119.001220703125,0,46108
af4db3e4-2f01-40ce-bb36-c9f1f8b420a1,4620,Worker1,46122.2451171875,46132.001220703125,0,46122
af4db3e4-2f01-40ce-bb36-c9f1f8b420a1,4621,Worker1,46123.100341796875,46136.001220703125,0,46123
af4db3e4-2f01-40ce-bb36-c9f1f8b420a1,4622,Worker1,46130.13720703125,46142.001220703125,0,46130
af4db3e4-2f01-40ce-bb36-c9f1f8b420a1,4623,Worker1,46148.267333984375,46159.001220703125,0,46148
af4db3e4-2f01-40ce-bb36-c9f1f8b420a1,4624,Worker1,46150.11328125,46163.001220703125,0,46150
af4db3e4-2f01-40ce-bb36-c9f1f8b420a1,4625,Worker1,46158.25830078125,46166.001220703125,0,46158
af4db3e4-2f01-40ce-bb36-c9f1f8b420a1,4626,Worker1,46183.233154296875,46203.001220703125,0,46183
af4db3e4-2f01-40ce-bb36-c9f1f8b420a1,4627,Worker1,46198.18310546875,46210.001220703125,0,46198
af4db3e4-2f01-40ce-bb36-c9f1f8b420a1,4628,Worker1,46208.122314453125,46221.001220703125,0,46208
af4db3e4-2f01-40ce-bb36-c9f1f8b420a1,4629,Worker1,46215.25732421875,46225.001220703125,0,46215
af4db3e4-2f01-40ce-bb36-c9f1f8b420a1,4630,Worker1,46234.252197265625,46245.001220703125,0,46234
af4db3e4-2f01-40ce-bb36-c9f1f8b420a1,4631,Worker1,46246.167236328125,46257.001220703125,0,46246
af4db3e4-2f01-40ce-bb36-c9f1f8b420a1,4632,Worker1,46247.105224609375,46258.001220703125,0,46247
af4db3e4-2f01-40ce-bb36-c9f1f8b420a1,4633,Worker1,46273.23828125,46286.001220703125,0,46273
af4db3e4-2f01-40ce-bb36-c9f1f8b420a1,4634,Worker1,46288.236328125,46298.001220703125,0,46288
af4db3e4-2f01-40ce-bb36-c9f1f8b420a1,4635,Worker1,46290.1181640625,46301.001220703125,0,46290
af4db3e4-2f01-40ce-bb36-c9f1f8b420a1,4636,Worker1,46347.2451171875,46358.001220703125,0,46347
af4db3e4-2f01-40ce-bb36-c9f1f8b420a1,4637,Worker1,46351.14111328125,46363.001220703125,0,46351
af4db3e4-2f01-40ce-bb36-c9f1f8b420a1,4638,Worker1,46353.1142578125,46364.001220703125,0,46353
af4db3e4-2f01-40ce-bb36-c9f1f8b420a1,4639,Worker1,46361.210205078125,46372.001220703125,0,46361
af4db3e4-2f01-40ce-bb36-c9f1f8b420a1,4640,Worker1,46367.152099609375,46378.001220703125,0,46367
af4db3e4-2f01-40ce-bb36-c9f1f8b420a1,4641,Worker1,46370.13623046875,46380.001220703125,0,46370
af4db3e4-2f01-40ce-bb36-c9f1f8b420a1,4642,Worker1,46372.145263671875,46381.001220703125,0,46372
af4db3e4-2f01-40ce-bb36-c9f1f8b420a1,4643,Worker1,46379.21728515625,46391.001220703125,0,46379
af4db3e4-2f01-40ce-bb36-c9f1f8b420a1,4644,Worker1,46384.185302734375,46395.001220703125,0,46384
af4db3e4-2f01-40ce-bb36-c9f1f8b420a1,4645,Worker1,46397.233154296875,46408.001220703125,0,46397
af4db3e4-2f01-40ce-bb36-c9f1f8b420a1,4646,Worker1,46406.168212890625,46416.001220703125,0,46406
af4db3e4-2f01-40ce-bb36-c9f1f8b420a1,4647,Worker1,46412.129150390625,46435.001220703125,0,46412
af4db3e4-2f01-40ce-bb36-c9f1f8b420a1,4648,Worker1,46428.107177734375,46441.001220703125,0,46428
af4db3e4-2f01-40ce-bb36-c9f1f8b420a1,4649,Worker1,46439.104248046875,46449.001220703125,0,46439
af4db3e4-2f01-40ce-bb36-c9f1f8b420a1,4650,Worker1,46446.3642578125,46458.001220703125,0,46446
af4db3e4-2f01-40ce-bb36-c9f1f8b420a1,4651,Worker1,46467.13525390625,46479.001220703125,0,46467
af4db3e4-2f01-40ce-bb36-c9f1f8b420a1,4652,Worker1,46480.144287109375,46489.001220703125,0,46480
af4db3e4-2f01-40ce-bb36-c9f1f8b420a1,4653,Worker1,46481.09326171875,46513.001220703125,0,46481
af4db3e4-2f01-40ce-bb36-c9f1f8b420a1,4654,Worker1,46510.22119140625,46522.001220703125,0,46510
af4db3e4-2f01-40ce-bb36-c9f1f8b420a1,4655,Worker1,46526.15625,46538.001220703125,0,46526
af4db3e4-2f01-40ce-bb36-c9f1f8b420a1,4656,Worker1,46528.119140625,46538.001220703125,0,46528
af4db3e4-2f01-40ce-bb36-c9f1f8b420a1,4657,Worker1,46528.28125,46540.001220703125,0,46528
af4db3e4-2f01-40ce-bb36-c9f1f8b420a1,4658,Worker1,46533.185302734375,46565.001220703125,0,46533
af4db3e4-2f01-40ce-bb36-c9f1f8b420a1,4659,Worker1,46536.203125,46548.001220703125,0,46536
af4db3e4-2f01-40ce-bb36-c9f1f8b420a1,4660,Worker1,46545.2451171875,46558.001220703125,0,46545
af4db3e4-2f01-40ce-bb36-c9f1f8b420a1,4661,Worker1,46551.152099609375,46561.001220703125,0,46551
af4db3e4-2f01-40ce-bb36-c9f1f8b420a1,4662,Worker1,46568.111328125,46580.001220703125,0,46568
af4db3e4-2f01-40ce-bb36-c9f1f8b420a1,4663,Worker1,46570.111328125,46583.001220703125,0,46570
af4db3e4-2f01-40ce-bb36-c9f1f8b420a1,4664,Worker1,46578.26025390625,46589.001220703125,0,46578
af4db3e4-2f01-40ce-bb36-c9f1f8b420a1,4665,Worker1,46600.121337890625,46611.001220703125,0,46600
af4db3e4-2f01-40ce-bb36-c9f1f8b420a1,4666,Worker1,46603.212158203125,46616.001220703125,0,46603
af4db3e4-2f01-40ce-bb36-c9f1f8b420a1,4667,Worker1,46612.1552734375,46631.001220703125,0,46612
af4db3e4-2f01-40ce-bb36-c9f1f8b420a1,4668,Worker1,46618.21826171875,46629.001220703125,0,46618
af4db3e4-2f01-40ce-bb36-c9f1f8b420a1,4669,Worker1,46622.123291015625,46632.001220703125,0,46622
af4db3e4-2f01-40ce-bb36-c9f1f8b420a1,4670,Worker1,46633.212158203125,46644.001220703125,0,46633
af4db3e4-2f01-40ce-bb36-c9f1f8b420a1,4671,Worker1,46633.371337890625,46645.001220703125,0,46633
af4db3e4-2f01-40ce-bb36-c9f1f8b420a1,4672,Worker1,46656.229248046875,46666.001220703125,0,46656
af4db3e4-2f01-40ce-bb36-c9f1f8b420a1,4673,Worker1,46659.22314453125,46670.001220703125,0,46659
af4db3e4-2f01-40ce-bb36-c9f1f8b420a1,4674,Worker1,46660.109130859375,46756.001220703125,0,46660
af4db3e4-2f01-40ce-bb36-c9f1f8b420a1,4675,Worker1,46666.18310546875,46678.001220703125,0,46666
af4db3e4-2f01-40ce-bb36-c9f1f8b420a1,4676,Worker1,46670.1982421875,46693.001220703125,0,46670
af4db3e4-2f01-40ce-bb36-c9f1f8b420a1,4677,Worker1,46682.310302734375,46694.001220703125,0,46682
af4db3e4-2f01-40ce-bb36-c9f1f8b420a1,4678,Worker1,46683.09228515625,46697.001220703125,0,46683
af4db3e4-2f01-40ce-bb36-c9f1f8b420a1,4679,Worker1,46688.103271484375,46702.001220703125,0,46688
af4db3e4-2f01-40ce-bb36-c9f1f8b420a1,4680,Worker1,46702.229248046875,46723.001220703125,0,46702
af4db3e4-2f01-40ce-bb36-c9f1f8b420a1,4681,Worker1,46703.108154296875,46714.001220703125,0,46703
af4db3e4-2f01-40ce-bb36-c9f1f8b420a1,4682,Worker1,46710.105224609375,46724.001220703125,0,46710
af4db3e4-2f01-40ce-bb36-c9f1f8b420a1,4683,Worker1,46714.318115234375,46727.001220703125,0,46714
af4db3e4-2f01-40ce-bb36-c9f1f8b420a1,4684,Worker1,46716.1162109375,46725.001220703125,0,46716
af4db3e4-2f01-40ce-bb36-c9f1f8b420a1,4685,Worker1,46724.1552734375,46736.001220703125,0,46724
af4db3e4-2f01-40ce-bb36-c9f1f8b420a1,4686,Worker1,46729.279296875,46743.001220703125,0,46729
af4db3e4-2f01-40ce-bb36-c9f1f8b420a1,4687,Worker1,46732.1142578125,46747.001220703125,0,46732
af4db3e4-2f01-40ce-bb36-c9f1f8b420a1,4688,Worker1,46742.276123046875,46754.001220703125,0,46742
af4db3e4-2f01-40ce-bb36-c9f1f8b420a1,4689,Worker1,46790.213134765625,46807.001220703125,0,46790
af4db3e4-2f01-40ce-bb36-c9f1f8b420a1,4690,Worker1,46794.17724609375,46805.001220703125,0,46794
af4db3e4-2f01-40ce-bb36-c9f1f8b420a1,4691,Worker1,46806.170166015625,46824.001220703125,0,46806
af4db3e4-2f01-40ce-bb36-c9f1f8b420a1,4692,Worker1,46814.210205078125,46827.001220703125,0,46814
af4db3e4-2f01-40ce-bb36-c9f1f8b420a1,4693,Worker1,46820.2001953125,46836.001220703125,0,46820
af4db3e4-2f01-40ce-bb36-c9f1f8b420a1,4694,Worker1,46835.1982421875,46845.001220703125,0,46835
af4db3e4-2f01-40ce-bb36-c9f1f8b420a1,4696,Worker1,46837.105224609375,46846.001220703125,0,46837
af4db3e4-2f01-40ce-bb36-c9f1f8b420a1,4695,Worker1,46837.34033203125,46849.001220703125,0,46837
af4db3e4-2f01-40ce-bb36-c9f1f8b420a1,4697,Worker1,46857.149169921875,46870.001220703125,0,46857
af4db3e4-2f01-40ce-bb36-c9f1f8b420a1,4698,Worker1,46870.154296875,46883.001220703125,0,46870
af4db3e4-2f01-40ce-bb36-c9f1f8b420a1,4699,Worker1,46879.226318359375,46890.001220703125,0,46879
af4db3e4-2f01-40ce-bb36-c9f1f8b420a1,4700,Worker1,46906.3291015625,46917.001220703125,0,46906
af4db3e4-2f01-40ce-bb36-c9f1f8b420a1,4701,Worker1,46909.252197265625,46918.001220703125,0,46909
af4db3e4-2f01-40ce-bb36-c9f1f8b420a1,4702,Worker1,46911.107177734375,46920.001220703125,0,46911
af4db3e4-2f01-40ce-bb36-c9f1f8b420a1,4703,Worker1,46918.30029296875,46931.001220703125,0,46918
af4db3e4-2f01-40ce-bb36-c9f1f8b420a1,4704,Worker1,46923.326171875,46936.001220703125,0,46923
af4db3e4-2f01-40ce-bb36-c9f1f8b420a1,4705,Worker1,46926.30224609375,46937.001220703125,0,46926
af4db3e4-2f01-40ce-bb36-c9f1f8b420a1,4706,Worker1,46935.189208984375,46947.001220703125,0,46935
af4db3e4-2f01-40ce-bb36-c9f1f8b420a1,4707,Worker1,46941.332275390625,46964.001220703125,0,46941
af4db3e4-2f01-40ce-bb36-c9f1f8b420a1,4708,Worker1,46957.228271484375,46969.001220703125,0,46957
af4db3e4-2f01-40ce-bb36-c9f1f8b420a1,4709,Worker1,46968.25830078125,46981.001220703125,0,46968
af4db3e4-2f01-40ce-bb36-c9f1f8b420a1,4710,Worker1,46975.311279296875,46997.001220703125,0,46975
af4db3e4-2f01-40ce-bb36-c9f1f8b420a1,4711,Worker1,46980.108154296875,46990.001220703125,0,46980
af4db3e4-2f01-40ce-bb36-c9f1f8b420a1,4712,Worker1,46993.294189453125,47007.001220703125,0,46993
af4db3e4-2f01-40ce-bb36-c9f1f8b420a1,4713,Worker1,47002.105224609375,47014.001220703125,0,47002
af4db3e4-2f01-40ce-bb36-c9f1f8b420a1,4714,Worker1,47008.123291015625,47022.001220703125,0,47008
af4db3e4-2f01-40ce-bb36-c9f1f8b420a1,4715,Worker1,47012.124267578125,47037.001220703125,0,47012
af4db3e4-2f01-40ce-bb36-c9f1f8b420a1,4716,Worker1,47023.211181640625,47035.001220703125,0,47023
af4db3e4-2f01-40ce-bb36-c9f1f8b420a1,4717,Worker1,47030.129150390625,47041.001220703125,0,47030
af4db3e4-2f01-40ce-bb36-c9f1f8b420a1,4718,Worker1,47052.146240234375,47063.001220703125,0,47052
af4db3e4-2f01-40ce-bb36-c9f1f8b420a1,4719,Worker1,47055.110107421875,47075.001220703125,0,47055
af4db3e4-2f01-40ce-bb36-c9f1f8b420a1,4720,Worker1,47056.105224609375,47066.001220703125,0,47056
af4db3e4-2f01-40ce-bb36-c9f1f8b420a1,4721,Worker1,47088.123291015625,47103.001220703125,0,47088
af4db3e4-2f01-40ce-bb36-c9f1f8b420a1,4722,Worker1,47105.255126953125,47117.001220703125,0,47105
af4db3e4-2f01-40ce-bb36-c9f1f8b420a1,4723,Worker1,47116.21826171875,47126.001220703125,0,47116
af4db3e4-2f01-40ce-bb36-c9f1f8b420a1,4724,Worker1,47124.1982421875,47134.001220703125,0,47124
af4db3e4-2f01-40ce-bb36-c9f1f8b420a1,4725,Worker1,47129.102294921875,47139.001220703125,0,47129
af4db3e4-2f01-40ce-bb36-c9f1f8b420a1,4726,Worker1,47132.171142578125,47143.001220703125,0,47132
af4db3e4-2f01-40ce-bb36-c9f1f8b420a1,4727,Worker1,47133.108154296875,47146.001220703125,0,47133
af4db3e4-2f01-40ce-bb36-c9f1f8b420a1,4728,Worker1,47139.201171875,47150.001220703125,0,47139
af4db3e4-2f01-40ce-bb36-c9f1f8b420a1,4729,Worker1,47157.247314453125,47168.001220703125,0,47157
af4db3e4-2f01-40ce-bb36-c9f1f8b420a1,4730,Worker1,47159.109130859375,47172.001220703125,0,47159
af4db3e4-2f01-40ce-bb36-c9f1f8b420a1,4731,Worker1,47167.30810546875,47179.001220703125,0,47167
af4db3e4-2f01-40ce-bb36-c9f1f8b420a1,4732,Worker1,47172.254150390625,47185.001220703125,0,47172
af4db3e4-2f01-40ce-bb36-c9f1f8b420a1,4733,Worker1,47186.13623046875,47198.001220703125,0,47186
af4db3e4-2f01-40ce-bb36-c9f1f8b420a1,4734,Worker1,47187.1142578125,47200.001220703125,0,47187
af4db3e4-2f01-40ce-bb36-c9f1f8b420a1,4735,Worker1,47194.1171875,47207.001220703125,0,47194
af4db3e4-2f01-40ce-bb36-c9f1f8b420a1,4736,Worker1,47212.3232421875,47225.001220703125,0,47212
af4db3e4-2f01-40ce-bb36-c9f1f8b420a1,4737,Worker1,47224.22021484375,47244.001220703125,0,47224
af4db3e4-2f01-40ce-bb36-c9f1f8b420a1,4738,Worker1,47232.128173828125,47241.001220703125,0,47232
af4db3e4-2f01-40ce-bb36-c9f1f8b420a1,4739,Worker1,47256.2822265625,47271.001220703125,0,47256
af4db3e4-2f01-40ce-bb36-c9f1f8b420a1,4740,Worker1,47271.151123046875,47282.001220703125,0,47271
af4db3e4-2f01-40ce-bb36-c9f1f8b420a1,4741,Worker1,47281.19921875,47291.001220703125,0,47281
af4db3e4-2f01-40ce-bb36-c9f1f8b420a1,4742,Worker1,47323.148193359375,47335.001220703125,0,47323
af4db3e4-2f01-40ce-bb36-c9f1f8b420a1,4743,Worker1,47342.2861328125,47353.001220703125,0,47342
af4db3e4-2f01-40ce-bb36-c9f1f8b420a1,4744,Worker1,47344.1162109375,47353.001220703125,0,47344
af4db3e4-2f01-40ce-bb36-c9f1f8b420a1,4745,Worker1,47345.104248046875,47357.001220703125,0,47345
af4db3e4-2f01-40ce-bb36-c9f1f8b420a1,4746,Worker1,47370.331298828125,47383.001220703125,0,47370
af4db3e4-2f01-40ce-bb36-c9f1f8b420a1,4747,Worker1,47373.122314453125,47384.001220703125,0,47373
af4db3e4-2f01-40ce-bb36-c9f1f8b420a1,4748,Worker1,47374.106201171875,47384.001220703125,0,47374
af4db3e4-2f01-40ce-bb36-c9f1f8b420a1,4749,Worker1,47381.13525390625,47394.001220703125,0,47381
af4db3e4-2f01-40ce-bb36-c9f1f8b420a1,4750,Worker1,47400.193115234375,47413.001220703125,0,47400
af4db3e4-2f01-40ce-bb36-c9f1f8b420a1,4751,Worker1,47412.26318359375,47431.001220703125,0,47412
af4db3e4-2f01-40ce-bb36-c9f1f8b420a1,4752,Worker1,47420.275146484375,47430.001220703125,0,47420
af4db3e4-2f01-40ce-bb36-c9f1f8b420a1,4753,Worker1,47446.275146484375,47457.001220703125,0,47446
af4db3e4-2f01-40ce-bb36-c9f1f8b420a1,4754,Worker1,47449.271240234375,47460.001220703125,0,47449
af4db3e4-2f01-40ce-bb36-c9f1f8b420a1,4755,Worker1,47451.107177734375,47468.001220703125,0,47451
af4db3e4-2f01-40ce-bb36-c9f1f8b420a1,4756,Worker1,47451.1201171875,47463.001220703125,0,47451
af4db3e4-2f01-40ce-bb36-c9f1f8b420a1,4757,Worker1,47471.28125,47482.001220703125,0,47471
af4db3e4-2f01-40ce-bb36-c9f1f8b420a1,4758,Worker1,47473.106201171875,47487.001220703125,0,47473
af4db3e4-2f01-40ce-bb36-c9f1f8b420a1,4759,Worker1,47482.206298828125,47494.001220703125,0,47482
af4db3e4-2f01-40ce-bb36-c9f1f8b420a1,4760,Worker1,47488.23828125,47500.001220703125,0,47488
af4db3e4-2f01-40ce-bb36-c9f1f8b420a1,4761,Worker1,47504.143310546875,47515.001220703125,0,47504
af4db3e4-2f01-40ce-bb36-c9f1f8b420a1,4762,Worker1,47515.30224609375,47533.001220703125,0,47515
af4db3e4-2f01-40ce-bb36-c9f1f8b420a1,4763,Worker1,47522.104248046875,47533.001220703125,0,47522
af4db3e4-2f01-40ce-bb36-c9f1f8b420a1,4764,Worker1,47543.121337890625,47553.001220703125,0,47543
af4db3e4-2f01-40ce-bb36-c9f1f8b420a1,4765,Worker1,47556.129150390625,47568.001220703125,0,47556
af4db3e4-2f01-40ce-bb36-c9f1f8b420a1,4766,Worker1,47565.185302734375,47574.001220703125,0,47565
af4db3e4-2f01-40ce-bb36-c9f1f8b420a1,4767,Worker1,47593.148193359375,47605.001220703125,0,47593
af4db3e4-2f01-40ce-bb36-c9f1f8b420a1,4768,Worker1,47598.188232421875,47608.001220703125,0,47598
af4db3e4-2f01-40ce-bb36-c9f1f8b420a1,4769,Worker1,47601.225341796875,47612.001220703125,0,47601
af4db3e4-2f01-40ce-bb36-c9f1f8b420a1,4770,Worker1,47602.100341796875,47618.001220703125,0,47602
af4db3e4-2f01-40ce-bb36-c9f1f8b420a1,4771,Worker1,47636.17626953125,47646.001220703125,0,47636
af4db3e4-2f01-40ce-bb36-c9f1f8b420a1,4772,Worker1,47653.1591796875,47668.001220703125,0,47653
af4db3e4-2f01-40ce-bb36-c9f1f8b420a1,4774,Worker1,47655.102294921875,47664.001220703125,0,47655
af4db3e4-2f01-40ce-bb36-c9f1f8b420a1,4773,Worker1,47655.293212890625,47665.001220703125,0,47655
af4db3e4-2f01-40ce-bb36-c9f1f8b420a1,4775,Worker1,47660.169189453125,47671.001220703125,0,47660
af4db3e4-2f01-40ce-bb36-c9f1f8b420a1,4776,Worker1,47674.28125,47686.001220703125,0,47674
af4db3e4-2f01-40ce-bb36-c9f1f8b420a1,4777,Worker1,47684.19921875,47696.001220703125,0,47684
af4db3e4-2f01-40ce-bb36-c9f1f8b420a1,4778,Worker1,47720.34912109375,47743.001220703125,0,47720
af4db3e4-2f01-40ce-bb36-c9f1f8b420a1,4779,Worker1,47724.30224609375,47735.001220703125,0,47724
af4db3e4-2f01-40ce-bb36-c9f1f8b420a1,4780,Worker1,47736.236328125,47746.001220703125,0,47736
af4db3e4-2f01-40ce-bb36-c9f1f8b420a1,4781,Worker1,47744.123291015625,47755.001220703125,0,47744
af4db3e4-2f01-40ce-bb36-c9f1f8b420a1,4782,Worker1,47768.2041015625,47780.001220703125,0,47768
af4db3e4-2f01-40ce-bb36-c9f1f8b420a1,4783,Worker1,47771.2431640625,47783.001220703125,0,47771
af4db3e4-2f01-40ce-bb36-c9f1f8b420a1,4784,Worker1,47772.09228515625,47784.001220703125,0,47772
af4db3e4-2f01-40ce-bb36-c9f1f8b420a1,4785,Worker1,47811.13818359375,47863.001220703125,0,47811
af4db3e4-2f01-40ce-bb36-c9f1f8b420a1,4786,Worker1,47829.294189453125,47842.001220703125,0,47829
af4db3e4-2f01-40ce-bb36-c9f1f8b420a1,4787,Worker1,47841.26513671875,47852.001220703125,0,47841
af4db3e4-2f01-40ce-bb36-c9f1f8b420a1,4788,Worker1,47849.2412109375,47862.001220703125,0,47849
af4db3e4-2f01-40ce-bb36-c9f1f8b420a1,4789,Worker1,47873.255126953125,47894.001220703125,0,47873
af4db3e4-2f01-40ce-bb36-c9f1f8b420a1,4790,Worker1,47876.110107421875,47887.001220703125,0,47876
af4db3e4-2f01-40ce-bb36-c9f1f8b420a1,4791,Worker1,47886.162109375,47896.001220703125,0,47886
af4db3e4-2f01-40ce-bb36-c9f1f8b420a1,4792,Worker1,47928.2802734375,47944.001220703125,0,47928
af4db3e4-2f01-40ce-bb36-c9f1f8b420a1,4793,Worker1,47932.371337890625,47945.001220703125,0,47932
af4db3e4-2f01-40ce-bb36-c9f1f8b420a1,4794,Worker1,47934.291259765625,47946.001220703125,0,47934
af4db3e4-2f01-40ce-bb36-c9f1f8b420a1,4795,Worker1,47942.1181640625,47953.001220703125,0,47942
af4db3e4-2f01-40ce-bb36-c9f1f8b420a1,4796,Worker1,47968.235107421875,47980.001220703125,0,47968
af4db3e4-2f01-40ce-bb36-c9f1f8b420a1,4797,Worker1,47971.335205078125,47982.001220703125,0,47971
af4db3e4-2f01-40ce-bb36-c9f1f8b420a1,4798,Worker1,47981.289306640625,48003.001220703125,0,47981
af4db3e4-2f01-40ce-bb36-c9f1f8b420a1,4799,Worker1,48037.26220703125,48049.001220703125,0,48037
af4db3e4-2f01-40ce-bb36-c9f1f8b420a1,4800,Worker1,48057.172119140625,48066.001220703125,0,48057
af4db3e4-2f01-40ce-bb36-c9f1f8b420a1,4801,Worker1,48070.229248046875,48081.001220703125,0,48070
af4db3e4-2f01-40ce-bb36-c9f1f8b420a1,4802,Worker1,48071.105224609375,48083.001220703125,0,48071
af4db3e4-2f01-40ce-bb36-c9f1f8b420a1,4803,Worker1,48097.293212890625,48113.001220703125,0,48097
af4db3e4-2f01-40ce-bb36-c9f1f8b420a1,4804,Worker1,48112.2783203125,48123.001220703125,0,48112
af4db3e4-2f01-40ce-bb36-c9f1f8b420a1,4805,Worker1,48122.168212890625,48140.001220703125,0,48122
af4db3e4-2f01-40ce-bb36-c9f1f8b420a1,4806,Worker1,48129.293212890625,48139.001220703125,0,48129
af4db3e4-2f01-40ce-bb36-c9f1f8b420a1,4807,Worker1,48133.168212890625,48143.001220703125,0,48133
af4db3e4-2f01-40ce-bb36-c9f1f8b420a1,4808,Worker1,48135.107177734375,48150.001220703125,0,48135
af4db3e4-2f01-40ce-bb36-c9f1f8b420a1,4809,Worker1,48136.09033203125,48146.001220703125,0,48136
af4db3e4-2f01-40ce-bb36-c9f1f8b420a1,4810,Worker1,48164.148193359375,48175.001220703125,0,48164
af4db3e4-2f01-40ce-bb36-c9f1f8b420a1,4811,Worker1,48180.152099609375,48193.001220703125,0,48180
af4db3e4-2f01-40ce-bb36-c9f1f8b420a1,4813,Worker1,48191.3671875,48205.001220703125,0,48191
af4db3e4-2f01-40ce-bb36-c9f1f8b420a1,4812,Worker1,48191.2001953125,48202.001220703125,0,48191
af4db3e4-2f01-40ce-bb36-c9f1f8b420a1,4814,Worker1,48196.142333984375,48206.001220703125,0,48196
af4db3e4-2f01-40ce-bb36-c9f1f8b420a1,4815,Worker1,48199.22412109375,48211.001220703125,0,48199
af4db3e4-2f01-40ce-bb36-c9f1f8b420a1,4816,Worker1,48208.09716796875,48220.001220703125,0,48208
af4db3e4-2f01-40ce-bb36-c9f1f8b420a1,4817,Worker1,48237.255126953125,48247.001220703125,0,48237
af4db3e4-2f01-40ce-bb36-c9f1f8b420a1,4818,Worker1,48253.18212890625,48267.001220703125,0,48253
af4db3e4-2f01-40ce-bb36-c9f1f8b420a1,4820,Worker1,48264.3701171875,48298.001220703125,0,48264
af4db3e4-2f01-40ce-bb36-c9f1f8b420a1,4819,Worker1,48264.1982421875,48277.001220703125,0,48264
af4db3e4-2f01-40ce-bb36-c9f1f8b420a1,4821,Worker1,48269.310302734375,48282.001220703125,0,48269
af4db3e4-2f01-40ce-bb36-c9f1f8b420a1,4822,Worker1,48272.185302734375,48285.001220703125,0,48272
af4db3e4-2f01-40ce-bb36-c9f1f8b420a1,4823,Worker1,48273.1123046875,48283.001220703125,0,48273
af4db3e4-2f01-40ce-bb36-c9f1f8b420a1,4824,Worker1,48279.255126953125,48290.001220703125,0,48279
af4db3e4-2f01-40ce-bb36-c9f1f8b420a1,4825,Worker1,48283.312255859375,48295.001220703125,0,48283
af4db3e4-2f01-40ce-bb36-c9f1f8b420a1,4826,Worker1,48285.09521484375,48296.001220703125,0,48285
af4db3e4-2f01-40ce-bb36-c9f1f8b420a1,4827,Worker1,48293.226318359375,48307.001220703125,0,48293
af4db3e4-2f01-40ce-bb36-c9f1f8b420a1,4828,Worker1,48316.25732421875,48328.001220703125,0,48316
af4db3e4-2f01-40ce-bb36-c9f1f8b420a1,4829,Worker1,48330.1181640625,48341.001220703125,0,48330
af4db3e4-2f01-40ce-bb36-c9f1f8b420a1,4830,Worker1,48331.111328125,48341.001220703125,0,48331
af4db3e4-2f01-40ce-bb36-c9f1f8b420a1,4831,Worker1,48337.1201171875,48345.001220703125,0,48337
af4db3e4-2f01-40ce-bb36-c9f1f8b420a1,4832,Worker1,48341.22119140625,48363.001220703125,0,48341
af4db3e4-2f01-40ce-bb36-c9f1f8b420a1,4833,Worker1,48343.1181640625,48354.001220703125,0,48343
af4db3e4-2f01-40ce-bb36-c9f1f8b420a1,4834,Worker1,48351.158203125,48364.001220703125,0,48351
af4db3e4-2f01-40ce-bb36-c9f1f8b420a1,4835,Worker1,48374.115234375,48384.001220703125,0,48374
af4db3e4-2f01-40ce-bb36-c9f1f8b420a1,4836,Worker1,48388.164306640625,48400.001220703125,0,48388
af4db3e4-2f01-40ce-bb36-c9f1f8b420a1,4837,Worker1,48398.21533203125,48423.001220703125,0,48398
af4db3e4-2f01-40ce-bb36-c9f1f8b420a1,4838,Worker1,48404.17529296875,48414.001220703125,0,48404
af4db3e4-2f01-40ce-bb36-c9f1f8b420a1,4839,Worker1,48422.203125,48433.001220703125,0,48422
af4db3e4-2f01-40ce-bb36-c9f1f8b420a1,4840,Worker1,48424.122314453125,48437.001220703125,0,48424
af4db3e4-2f01-40ce-bb36-c9f1f8b420a1,4841,Worker1,48425.103271484375,48437.001220703125,0,48425
af4db3e4-2f01-40ce-bb36-c9f1f8b420a1,4842,Worker1,48430.240234375,48441.001220703125,0,48430
af4db3e4-2f01-40ce-bb36-c9f1f8b420a1,4843,Worker1,48433.147216796875,48444.001220703125,0,48433
af4db3e4-2f01-40ce-bb36-c9f1f8b420a1,4844,Worker1,48434.09912109375,48446.001220703125,0,48434
af4db3e4-2f01-40ce-bb36-c9f1f8b420a1,4845,Worker1,48441.212158203125,48454.001220703125,0,48441
af4db3e4-2f01-40ce-bb36-c9f1f8b420a1,4846,Worker1,48445.268310546875,48455.001220703125,0,48445
af4db3e4-2f01-40ce-bb36-c9f1f8b420a1,4847,Worker1,48447.115234375,48458.001220703125,0,48447
af4db3e4-2f01-40ce-bb36-c9f1f8b420a1,4848,Worker1,48448.09423828125,48459.001220703125,0,48448
af4db3e4-2f01-40ce-bb36-c9f1f8b420a1,4849,Worker1,48453.1611328125,48464.001220703125,0,48453
af4db3e4-2f01-40ce-bb36-c9f1f8b420a1,4850,Worker1,48456.1533203125,48467.001220703125,0,48456
af4db3e4-2f01-40ce-bb36-c9f1f8b420a1,4851,Worker1,48466.1572265625,48484.001220703125,0,48466
af4db3e4-2f01-40ce-bb36-c9f1f8b420a1,4852,Worker1,48514.164306640625,48525.001220703125,0,48514
af4db3e4-2f01-40ce-bb36-c9f1f8b420a1,4853,Worker1,48533.2451171875,48551.001220703125,0,48533
af4db3e4-2f01-40ce-bb36-c9f1f8b420a1,4854,Worker1,48535.111328125,48548.001220703125,0,48535
af4db3e4-2f01-40ce-bb36-c9f1f8b420a1,4855,Worker1,48536.105224609375,48547.001220703125,0,48536
af4db3e4-2f01-40ce-bb36-c9f1f8b420a1,4856,Worker1,48542.22021484375,48554.001220703125,0,48542
af4db3e4-2f01-40ce-bb36-c9f1f8b420a1,4857,Worker1,48557.18212890625,48567.001220703125,0,48557
af4db3e4-2f01-40ce-bb36-c9f1f8b420a1,4858,Worker1,48567.148193359375,48581.001220703125,0,48567
af4db3e4-2f01-40ce-bb36-c9f1f8b420a1,4859,Worker1,48567.152099609375,48593.001220703125,0,48567
af4db3e4-2f01-40ce-bb36-c9f1f8b420a1,4860,Worker1,48587.228271484375,48600.001220703125,0,48587
af4db3e4-2f01-40ce-bb36-c9f1f8b420a1,4861,Worker1,48600.30126953125,48611.001220703125,0,48600
af4db3e4-2f01-40ce-bb36-c9f1f8b420a1,4862,Worker1,48601.09619140625,48628.001220703125,0,48601
af4db3e4-2f01-40ce-bb36-c9f1f8b420a1,4863,Worker1,48628.1572265625,48641.001220703125,0,48628
af4db3e4-2f01-40ce-bb36-c9f1f8b420a1,4864,Worker1,48644.279296875,48656.001220703125,0,48644
af4db3e4-2f01-40ce-bb36-c9f1f8b420a1,4865,Worker1,48646.111328125,48658.001220703125,0,48646
af4db3e4-2f01-40ce-bb36-c9f1f8b420a1,4866,Worker1,48646.322265625,48659.001220703125,0,48646
af4db3e4-2f01-40ce-bb36-c9f1f8b420a1,4867,Worker1,48651.235107421875,48662.001220703125,0,48651
af4db3e4-2f01-40ce-bb36-c9f1f8b420a1,4868,Worker1,48654.26318359375,48665.001220703125,0,48654
af4db3e4-2f01-40ce-bb36-c9f1f8b420a1,4869,Worker1,48655.09130859375,48667.001220703125,0,48655
af4db3e4-2f01-40ce-bb36-c9f1f8b420a1,4870,Worker1,48683.225341796875,48704.001220703125,0,48683
af4db3e4-2f01-40ce-bb36-c9f1f8b420a1,4871,Worker1,48687.09033203125,48698.001220703125,0,48687
af4db3e4-2f01-40ce-bb36-c9f1f8b420a1,4872,Worker1,48689.26025390625,48701.001220703125,0,48689
af4db3e4-2f01-40ce-bb36-c9f1f8b420a1,4873,Worker1,48689.09619140625,48701.001220703125,0,48689
af4db3e4-2f01-40ce-bb36-c9f1f8b420a1,4874,Worker1,48710.207275390625,48721.001220703125,0,48710
af4db3e4-2f01-40ce-bb36-c9f1f8b420a1,4875,Worker1,48713.38818359375,48723.001220703125,0,48713
af4db3e4-2f01-40ce-bb36-c9f1f8b420a1,4876,Worker1,48722.246337890625,48746.001220703125,0,48722
af4db3e4-2f01-40ce-bb36-c9f1f8b420a1,4877,Worker1,48753.122314453125,48771.001220703125,0,48753
af4db3e4-2f01-40ce-bb36-c9f1f8b420a1,4878,Worker1,48757.1943359375,48768.001220703125,0,48757
af4db3e4-2f01-40ce-bb36-c9f1f8b420a1,4879,Worker1,48768.184326171875,48780.001220703125,0,48768
af4db3e4-2f01-40ce-bb36-c9f1f8b420a1,4880,Worker1,48768.361328125,48784.001220703125,0,48768
af4db3e4-2f01-40ce-bb36-c9f1f8b420a1,4881,Worker1,48789.225341796875,48800.001220703125,0,48789
af4db3e4-2f01-40ce-bb36-c9f1f8b420a1,4882,Worker1,48803.125244140625,48815.001220703125,0,48803
af4db3e4-2f01-40ce-bb36-c9f1f8b420a1,4883,Worker1,48804.102294921875,48817.001220703125,0,48804
af4db3e4-2f01-40ce-bb36-c9f1f8b420a1,4884,Worker1,48810.13330078125,48830.001220703125,0,48810
af4db3e4-2f01-40ce-bb36-c9f1f8b420a1,4885,Worker1,48827.1943359375,48836.001220703125,0,48827
af4db3e4-2f01-40ce-bb36-c9f1f8b420a1,4886,Worker1,48838.29931640625,48850.001220703125,0,48838
af4db3e4-2f01-40ce-bb36-c9f1f8b420a1,4887,Worker1,48838.460205078125,48853.001220703125,0,48838
af4db3e4-2f01-40ce-bb36-c9f1f8b420a1,4888,Worker1,48860.229248046875,48869.001220703125,0,48860
af4db3e4-2f01-40ce-bb36-c9f1f8b420a1,4889,Worker1,48863.28515625,48874.001220703125,0,48863
af4db3e4-2f01-40ce-bb36-c9f1f8b420a1,4890,Worker1,48864.100341796875,48879.001220703125,0,48864
af4db3e4-2f01-40ce-bb36-c9f1f8b420a1,4891,Worker1,48870.17333984375,48881.001220703125,0,48870
af4db3e4-2f01-40ce-bb36-c9f1f8b420a1,4892,Worker1,48874.2041015625,48887.001220703125,0,48874
af4db3e4-2f01-40ce-bb36-c9f1f8b420a1,4893,Worker1,48886.129150390625,48898.001220703125,0,48886
af4db3e4-2f01-40ce-bb36-c9f1f8b420a1,4894,Worker1,48894.131103515625,48908.001220703125,0,48894
af4db3e4-2f01-40ce-bb36-c9f1f8b420a1,4895,Worker1,48917.30126953125,48928.001220703125,0,48917
af4db3e4-2f01-40ce-bb36-c9f1f8b420a1,4896,Worker1,48931.213134765625,48943.001220703125,0,48931
af4db3e4-2f01-40ce-bb36-c9f1f8b420a1,4897,Worker1,48932.108154296875,48945.001220703125,0,48932
af4db3e4-2f01-40ce-bb36-c9f1f8b420a1,4898,Worker1,48938.108154296875,48948.001220703125,0,48938
af4db3e4-2f01-40ce-bb36-c9f1f8b420a1,4899,Worker1,48956.339111328125,48984.001220703125,0,48956
af4db3e4-2f01-40ce-bb36-c9f1f8b420a1,4900,Worker1,48958.1171875,48977.001220703125,0,48958
af4db3e4-2f01-40ce-bb36-c9f1f8b420a1,4901,Worker1,48966.190185546875,48978.001220703125,0,48966
af4db3e4-2f01-40ce-bb36-c9f1f8b420a1,4902,Worker1,48971.29833984375,48984.001220703125,0,48971
af4db3e4-2f01-40ce-bb36-c9f1f8b420a1,4903,Worker1,48985.130126953125,49004.001220703125,0,48985
af4db3e4-2f01-40ce-bb36-c9f1f8b420a1,4904,Worker1,48986.09228515625,49013.001220703125,0,48986
af4db3e4-2f01-40ce-bb36-c9f1f8b420a1,4905,Worker1,49031.289306640625,49045.001220703125,0,49031
af4db3e4-2f01-40ce-bb36-c9f1f8b420a1,4906,Worker1,49035.273193359375,49048.001220703125,0,49035
af4db3e4-2f01-40ce-bb36-c9f1f8b420a1,4907,Worker1,49047.207275390625,49064.001220703125,0,49047
af4db3e4-2f01-40ce-bb36-c9f1f8b420a1,4908,Worker1,49048.09814453125,49059.001220703125,0,49048
af4db3e4-2f01-40ce-bb36-c9f1f8b420a1,4909,Worker1,49053.249267578125,49066.001220703125,0,49053
af4db3e4-2f01-40ce-bb36-c9f1f8b420a1,4910,Worker1,49068.104248046875,49083.001220703125,0,49068
af4db3e4-2f01-40ce-bb36-c9f1f8b420a1,4911,Worker1,49069.102294921875,49080.001220703125,0,49069
af4db3e4-2f01-40ce-bb36-c9f1f8b420a1,4912,Worker1,49121.287109375,49130.001220703125,0,49121
af4db3e4-2f01-40ce-bb36-c9f1f8b420a1,4913,Worker1,49140.158203125,49152.001220703125,0,49140
af4db3e4-2f01-40ce-bb36-c9f1f8b420a1,4914,Worker1,49142.1162109375,49152.001220703125,0,49142
af4db3e4-2f01-40ce-bb36-c9f1f8b420a1,4915,Worker1,49143.102294921875,49157.001220703125,0,49143
af4db3e4-2f01-40ce-bb36-c9f1f8b420a1,4916,Worker1,49169.274169921875,49181.001220703125,0,49169
af4db3e4-2f01-40ce-bb36-c9f1f8b420a1,4917,Worker1,49184.30224609375,49198.001220703125,0,49184
af4db3e4-2f01-40ce-bb36-c9f1f8b420a1,4918,Worker1,49194.312255859375,49206.001220703125,0,49194
af4db3e4-2f01-40ce-bb36-c9f1f8b420a1,4919,Worker1,49194.312255859375,49206.001220703125,0,49194
af4db3e4-2f01-40ce-bb36-c9f1f8b420a1,4920,Worker1,49199.17919921875,49223.001220703125,0,49199
af4db3e4-2f01-40ce-bb36-c9f1f8b420a1,4921,Worker1,49201.109130859375,49210.001220703125,0,49201
af4db3e4-2f01-40ce-bb36-c9f1f8b420a1,4922,Worker1,49202.086181640625,49212.001220703125,0,49202
af4db3e4-2f01-40ce-bb36-c9f1f8b420a1,4923,Worker1,49229.17822265625,49239.001220703125,0,49229
af4db3e4-2f01-40ce-bb36-c9f1f8b420a1,4924,Worker1,49245.22412109375,49259.001220703125,0,49245
af4db3e4-2f01-40ce-bb36-c9f1f8b420a1,4925,Worker1,49247.359130859375,49261.001220703125,0,49247
af4db3e4-2f01-40ce-bb36-c9f1f8b420a1,4926,Worker1,49247.111328125,49259.001220703125,0,49247
af4db3e4-2f01-40ce-bb36-c9f1f8b420a1,4927,Worker1,49267.115234375,49277.001220703125,0,49267
af4db3e4-2f01-40ce-bb36-c9f1f8b420a1,4928,Worker1,49270.130126953125,49282.001220703125,0,49270
af4db3e4-2f01-40ce-bb36-c9f1f8b420a1,4929,Worker1,49271.09423828125,49283.001220703125,0,49271
af4db3e4-2f01-40ce-bb36-c9f1f8b420a1,4930,Worker1,49277.30615234375,49287.001220703125,0,49277
af4db3e4-2f01-40ce-bb36-c9f1f8b420a1,4931,Worker1,49299.23828125,49310.001220703125,0,49299
af4db3e4-2f01-40ce-bb36-c9f1f8b420a1,4932,Worker1,49313.143310546875,49324.001220703125,0,49313
af4db3e4-2f01-40ce-bb36-c9f1f8b420a1,4933,Worker1,49314.103271484375,49326.001220703125,0,49314
af4db3e4-2f01-40ce-bb36-c9f1f8b420a1,4934,Worker1,49346.127197265625,49357.001220703125,0,49346
af4db3e4-2f01-40ce-bb36-c9f1f8b420a1,4935,Worker1,49363.213134765625,49375.001220703125,0,49363
af4db3e4-2f01-40ce-bb36-c9f1f8b420a1,4936,Worker1,49374.214111328125,49386.001220703125,0,49374
af4db3e4-2f01-40ce-bb36-c9f1f8b420a1,4937,Worker1,49374.38232421875,49385.001220703125,0,49374
af4db3e4-2f01-40ce-bb36-c9f1f8b420a1,4938,Worker1,49396.127197265625,49413.001220703125,0,49396
af4db3e4-2f01-40ce-bb36-c9f1f8b420a1,4939,Worker1,49399.13330078125,49411.001220703125,0,49399
af4db3e4-2f01-40ce-bb36-c9f1f8b420a1,4940,Worker1,49409.13623046875,49422.001220703125,0,49409
af4db3e4-2f01-40ce-bb36-c9f1f8b420a1,4941,Worker1,49444.207275390625,49458.001220703125,0,49444
af4db3e4-2f01-40ce-bb36-c9f1f8b420a1,4942,Worker1,49448.213134765625,49471.001220703125,0,49448
af4db3e4-2f01-40ce-bb36-c9f1f8b420a1,4943,Worker1,49460.2431640625,49481.001220703125,0,49460
af4db3e4-2f01-40ce-bb36-c9f1f8b420a1,4944,Worker1,49468.1171875,49481.001220703125,0,49468
af4db3e4-2f01-40ce-bb36-c9f1f8b420a1,4945,Worker1,49492.2421875,49503.001220703125,0,49492
af4db3e4-2f01-40ce-bb36-c9f1f8b420a1,4946,Worker1,49506.144287109375,49516.001220703125,0,49506
af4db3e4-2f01-40ce-bb36-c9f1f8b420a1,4947,Worker1,49516.142333984375,49528.001220703125,0,49516
af4db3e4-2f01-40ce-bb36-c9f1f8b420a1,4948,Worker1,49523.15625,49532.001220703125,0,49523
af4db3e4-2f01-40ce-bb36-c9f1f8b420a1,4949,Worker1,49527.26220703125,49541.001220703125,0,49527
af4db3e4-2f01-40ce-bb36-c9f1f8b420a1,4950,Worker1,49529.1123046875,49541.001220703125,0,49529
af4db3e4-2f01-40ce-bb36-c9f1f8b420a1,4951,Worker1,49537.290283203125,49561.001220703125,0,49537
af4db3e4-2f01-40ce-bb36-c9f1f8b420a1,4952,Worker1,49561.34326171875,49572.001220703125,0,49561
af4db3e4-2f01-40ce-bb36-c9f1f8b420a1,4953,Worker1,49564.193115234375,49583.001220703125,0,49564
af4db3e4-2f01-40ce-bb36-c9f1f8b420a1,4954,Worker1,49565.100341796875,49655.001220703125,0,49565
af4db3e4-2f01-40ce-bb36-c9f1f8b420a1,4955,Worker1,49572.2021484375,49584.001220703125,0,49572
af4db3e4-2f01-40ce-bb36-c9f1f8b420a1,4956,Worker1,49591.22021484375,49607.001220703125,0,49591
af4db3e4-2f01-40ce-bb36-c9f1f8b420a1,4957,Worker1,49603.26123046875,49613.001220703125,0,49603
af4db3e4-2f01-40ce-bb36-c9f1f8b420a1,4958,Worker1,49604.104248046875,49662.001220703125,0,49604
af4db3e4-2f01-40ce-bb36-c9f1f8b420a1,4959,Worker1,49629.22216796875,49650.001220703125,0,49629
af4db3e4-2f01-40ce-bb36-c9f1f8b420a1,4960,Worker1,49632.253173828125,49643.001220703125,0,49632
af4db3e4-2f01-40ce-bb36-c9f1f8b420a1,4961,Worker1,49633.09423828125,49643.001220703125,0,49633
af4db3e4-2f01-40ce-bb36-c9f1f8b420a1,4962,Worker1,49640.13818359375,49651.001220703125,0,49640
af4db3e4-2f01-40ce-bb36-c9f1f8b420a1,4963,Worker1,49659.1181640625,49672.001220703125,0,49659
af4db3e4-2f01-40ce-bb36-c9f1f8b420a1,4964,Worker1,49672.22314453125,49684.001220703125,0,49672
af4db3e4-2f01-40ce-bb36-c9f1f8b420a1,4965,Worker1,49680.108154296875,49691.001220703125,0,49680
af4db3e4-2f01-40ce-bb36-c9f1f8b420a1,4966,Worker1,49706.231201171875,49724.001220703125,0,49706
af4db3e4-2f01-40ce-bb36-c9f1f8b420a1,4967,Worker1,49709.108154296875,49720.001220703125,0,49709
af4db3e4-2f01-40ce-bb36-c9f1f8b420a1,4968,Worker1,49719.2431640625,49743.001220703125,0,49719
af4db3e4-2f01-40ce-bb36-c9f1f8b420a1,4969,Worker1,49726.201171875,49735.001220703125,0,49726
af4db3e4-2f01-40ce-bb36-c9f1f8b420a1,4970,Worker1,49746.30029296875,49758.001220703125,0,49746
af4db3e4-2f01-40ce-bb36-c9f1f8b420a1,4971,Worker1,49759.25927734375,49775.001220703125,0,49759
af4db3e4-2f01-40ce-bb36-c9f1f8b420a1,4972,Worker1,49760.087158203125,49773.001220703125,0,49760
af4db3e4-2f01-40ce-bb36-c9f1f8b420a1,4973,Worker1,49766.201171875,49778.001220703125,0,49766
af4db3e4-2f01-40ce-bb36-c9f1f8b420a1,4974,Worker1,49770.22314453125,49782.001220703125,0,49770
af4db3e4-2f01-40ce-bb36-c9f1f8b420a1,4975,Worker1,49772.11328125,49782.001220703125,0,49772
af4db3e4-2f01-40ce-bb36-c9f1f8b420a1,4976,Worker1,49772.26611328125,49784.001220703125,0,49772
af4db3e4-2f01-40ce-bb36-c9f1f8b420a1,4977,Worker1,49793.206298828125,49804.001220703125,0,49793
af4db3e4-2f01-40ce-bb36-c9f1f8b420a1,4978,Worker1,49806.3681640625,49815.001220703125,0,49806
af4db3e4-2f01-40ce-bb36-c9f1f8b420a1,4979,Worker1,49815.101318359375,49838.001220703125,0,49815
af4db3e4-2f01-40ce-bb36-c9f1f8b420a1,4980,Worker1,49844.2421875,49884.001220703125,0,49844
af4db3e4-2f01-40ce-bb36-c9f1f8b420a1,4981,Worker1,49861.252197265625,49873.001220703125,0,49861
af4db3e4-2f01-40ce-bb36-c9f1f8b420a1,4983,Worker1,49872.399169921875,49883.001220703125,0,49872
af4db3e4-2f01-40ce-bb36-c9f1f8b420a1,4982,Worker1,49872.158203125,49884.001220703125,0,49872
af4db3e4-2f01-40ce-bb36-c9f1f8b420a1,4984,Worker1,49893.187255859375,49905.001220703125,0,49893
af4db3e4-2f01-40ce-bb36-c9f1f8b420a1,4985,Worker1,49896.1943359375,49905.001220703125,0,49896
af4db3e4-2f01-40ce-bb36-c9f1f8b420a1,4986,Worker1,49897.09716796875,49909.001220703125,0,49897
af4db3e4-2f01-40ce-bb36-c9f1f8b420a1,4987,Worker1,49928.146240234375,49938.001220703125,0,49928
af4db3e4-2f01-40ce-bb36-c9f1f8b420a1,4988,Worker1,49945.30126953125,49958.001220703125,0,49945
af4db3e4-2f01-40ce-bb36-c9f1f8b420a1,4989,Worker1,49947.119140625,49961.001220703125,0,49947
af4db3e4-2f01-40ce-bb36-c9f1f8b420a1,4990,Worker1,49955.184326171875,49966.001220703125,0,49955
af4db3e4-2f01-40ce-bb36-c9f1f8b420a1,4991,Worker1,49977.14111328125,49986.001220703125,0,49977
af4db3e4-2f01-40ce-bb36-c9f1f8b420a1,4992,Worker1,49991.185302734375,50005.001220703125,0,49991
af4db3e4-2f01-40ce-bb36-c9f1f8b420a1,4993,Worker1,49992.107177734375,50003.001220703125,0,49992
af4db3e4-2f01-40ce-bb36-c9f1f8b420a1,4994,Worker1,50025.381103515625,50041.001220703125,0,50025
af4db3e4-2f01-40ce-bb36-c9f1f8b420a1,4995,Worker1,50042.13427734375,50054.001220703125,0,50042
af4db3e4-2f01-40ce-bb36-c9f1f8b420a1,4996,Worker1,50044.128173828125,50057.001220703125,0,50044
af4db3e4-2f01-40ce-bb36-c9f1f8b420a1,4997,Worker1,50052.318115234375,50064.001220703125,0,50052
af4db3e4-2f01-40ce-bb36-c9f1f8b420a1,4998,Worker1,50057.165283203125,50069.001220703125,0,50057
af4db3e4-2f01-40ce-bb36-c9f1f8b420a1,4999,Worker1,50071.19921875,50085.001220703125,0,50071
af4db3e4-2f01-40ce-bb36-c9f1f8b420a1,5000,Worker1,50072.103271484375,50082.001220703125,0,50072
af4db3e4-2f01-40ce-bb36-c9f1f8b420a1,5001,Worker1,50109.149169921875,50121.001220703125,0,50109
af4db3e4-2f01-40ce-bb36-c9f1f8b420a1,5002,Worker1,50113.351318359375,50125.001220703125,0,50113
af4db3e4-2f01-40ce-bb36-c9f1f8b420a1,5003,Worker1,50115.1142578125,50126.001220703125,0,50115
af4db3e4-2f01-40ce-bb36-c9f1f8b420a1,5004,Worker1,50116.09130859375,50141.001220703125,0,50116
af4db3e4-2f01-40ce-bb36-c9f1f8b420a1,5005,Worker1,50121.337158203125,50143.001220703125,0,50121
af4db3e4-2f01-40ce-bb36-c9f1f8b420a1,5006,Worker1,50124.1171875,50140.001220703125,0,50124
af4db3e4-2f01-40ce-bb36-c9f1f8b420a1,5007,Worker1,50134.168212890625,50146.001220703125,0,50134
af4db3e4-2f01-40ce-bb36-c9f1f8b420a1,5008,Worker1,50174.331298828125,50185.001220703125,0,50174
af4db3e4-2f01-40ce-bb36-c9f1f8b420a1,5009,Worker1,50178.22119140625,50191.001220703125,0,50178
af4db3e4-2f01-40ce-bb36-c9f1f8b420a1,5010,Worker1,50180.101318359375,50190.001220703125,0,50180
af4db3e4-2f01-40ce-bb36-c9f1f8b420a1,5011,Worker1,50188.109130859375,50200.001220703125,0,50188
af4db3e4-2f01-40ce-bb36-c9f1f8b420a1,5012,Worker1,50213.248291015625,50226.001220703125,0,50213
af4db3e4-2f01-40ce-bb36-c9f1f8b420a1,5013,Worker1,50216.18115234375,50229.001220703125,0,50216
af4db3e4-2f01-40ce-bb36-c9f1f8b420a1,5014,Worker1,50226.209228515625,50251.001220703125,0,50226
af4db3e4-2f01-40ce-bb36-c9f1f8b420a1,5015,Worker1,50233.25732421875,50261.001220703125,0,50233
af4db3e4-2f01-40ce-bb36-c9f1f8b420a1,5016,Worker1,50237.110107421875,50248.001220703125,0,50237
af4db3e4-2f01-40ce-bb36-c9f1f8b420a1,5017,Worker1,50239.111328125,50252.001220703125,0,50239
af4db3e4-2f01-40ce-bb36-c9f1f8b420a1,5018,Worker1,50240.109130859375,50253.001220703125,0,50240
af4db3e4-2f01-40ce-bb36-c9f1f8b420a1,5019,Worker1,50266.251220703125,50277.001220703125,0,50266
af4db3e4-2f01-40ce-bb36-c9f1f8b420a1,5020,Worker1,50269.22314453125,50280.001220703125,0,50269
af4db3e4-2f01-40ce-bb36-c9f1f8b420a1,5021,Worker1,50271.111328125,50282.001220703125,0,50271
af4db3e4-2f01-40ce-bb36-c9f1f8b420a1,5022,Worker1,50271.372314453125,50282.001220703125,0,50271
af4db3e4-2f01-40ce-bb36-c9f1f8b420a1,5023,Worker1,50290.197265625,50302.001220703125,0,50290
af4db3e4-2f01-40ce-bb36-c9f1f8b420a1,5024,Worker1,50302.1572265625,50321.001220703125,0,50302
af4db3e4-2f01-40ce-bb36-c9f1f8b420a1,5025,Worker1,50311.2001953125,50321.001220703125,0,50311
af4db3e4-2f01-40ce-bb36-c9f1f8b420a1,5026,Worker1,50317.267333984375,50328.001220703125,0,50317
af4db3e4-2f01-40ce-bb36-c9f1f8b420a1,5027,Worker1,50333.18212890625,50344.001220703125,0,50333
af4db3e4-2f01-40ce-bb36-c9f1f8b420a1,5028,Worker1,50335.1123046875,50349.001220703125,0,50335
af4db3e4-2f01-40ce-bb36-c9f1f8b420a1,5029,Worker1,50342.13232421875,50352.001220703125,0,50342
af4db3e4-2f01-40ce-bb36-c9f1f8b420a1,5030,Worker1,50347.206298828125,50361.001220703125,0,50347
af4db3e4-2f01-40ce-bb36-c9f1f8b420a1,5031,Worker1,50350.1123046875,50363.001220703125,0,50350
af4db3e4-2f01-40ce-bb36-c9f1f8b420a1,5032,Worker1,50359.316162109375,50371.001220703125,0,50359
af4db3e4-2f01-40ce-bb36-c9f1f8b420a1,5033,Worker1,50365.22216796875,50380.001220703125,0,50365
af4db3e4-2f01-40ce-bb36-c9f1f8b420a1,5034,Worker1,50369.11328125,50386.001220703125,0,50369
af4db3e4-2f01-40ce-bb36-c9f1f8b420a1,5036,Worker1,50371.29833984375,50383.001220703125,0,50371
af4db3e4-2f01-40ce-bb36-c9f1f8b420a1,5035,Worker1,50371.101318359375,50381.001220703125,0,50371
af4db3e4-2f01-40ce-bb36-c9f1f8b420a1,5037,Worker1,50392.247314453125,50405.001220703125,0,50392
af4db3e4-2f01-40ce-bb36-c9f1f8b420a1,5038,Worker1,50405.277099609375,50417.001220703125,0,50405
af4db3e4-2f01-40ce-bb36-c9f1f8b420a1,5039,Worker1,50414.26123046875,50425.001220703125,0,50414
af4db3e4-2f01-40ce-bb36-c9f1f8b420a1,5040,Worker1,50420.108154296875,50432.001220703125,0,50420
af4db3e4-2f01-40ce-bb36-c9f1f8b420a1,5041,Worker1,50424.248291015625,50443.001220703125,0,50424
af4db3e4-2f01-40ce-bb36-c9f1f8b420a1,5043,Worker1,50426.287109375,50438.001220703125,0,50426
af4db3e4-2f01-40ce-bb36-c9f1f8b420a1,5042,Worker1,50426.102294921875,50437.001220703125,0,50426
af4db3e4-2f01-40ce-bb36-c9f1f8b420a1,5044,Worker1,50447.158203125,50461.001220703125,0,50447
af4db3e4-2f01-40ce-bb36-c9f1f8b420a1,5045,Worker1,50450.149169921875,50460.001220703125,0,50450
af4db3e4-2f01-40ce-bb36-c9f1f8b420a1,5046,Worker1,50459.119140625,50484.001220703125,0,50459
af4db3e4-2f01-40ce-bb36-c9f1f8b420a1,5047,Worker1,50491.2421875,50505.001220703125,0,50491
af4db3e4-2f01-40ce-bb36-c9f1f8b420a1,5048,Worker1,50508.30810546875,50520.001220703125,0,50508
af4db3e4-2f01-40ce-bb36-c9f1f8b420a1,5049,Worker1,50519.2021484375,50530.001220703125,0,50519
af4db3e4-2f01-40ce-bb36-c9f1f8b420a1,5050,Worker1,50519.213134765625,50531.001220703125,0,50519
af4db3e4-2f01-40ce-bb36-c9f1f8b420a1,5051,Worker1,50541.193115234375,50552.001220703125,0,50541
af4db3e4-2f01-40ce-bb36-c9f1f8b420a1,5052,Worker1,50555.235107421875,50566.001220703125,0,50555
af4db3e4-2f01-40ce-bb36-c9f1f8b420a1,5053,Worker1,50556.110107421875,50567.001220703125,0,50556
af4db3e4-2f01-40ce-bb36-c9f1f8b420a1,5054,Worker1,50562.131103515625,50575.001220703125,0,50562
af4db3e4-2f01-40ce-bb36-c9f1f8b420a1,5055,Worker1,50579.190185546875,50591.001220703125,0,50579
af4db3e4-2f01-40ce-bb36-c9f1f8b420a1,5056,Worker1,50591.290283203125,50607.001220703125,0,50591
af4db3e4-2f01-40ce-bb36-c9f1f8b420a1,5057,Worker1,50599.1142578125,50611.001220703125,0,50599
af4db3e4-2f01-40ce-bb36-c9f1f8b420a1,5058,Worker1,50604.115234375,50615.001220703125,0,50604
af4db3e4-2f01-40ce-bb36-c9f1f8b420a1,5059,Worker1,50618.151123046875,50628.001220703125,0,50618
af4db3e4-2f01-40ce-bb36-c9f1f8b420a1,5060,Worker1,50619.109130859375,50631.001220703125,0,50619
af4db3e4-2f01-40ce-bb36-c9f1f8b420a1,5061,Worker1,50625.249267578125,50638.001220703125,0,50625
af4db3e4-2f01-40ce-bb36-c9f1f8b420a1,5062,Worker1,50643.13818359375,50669.001220703125,0,50643
af4db3e4-2f01-40ce-bb36-c9f1f8b420a1,5063,Worker1,50655.256103515625,50668.001220703125,0,50655
af4db3e4-2f01-40ce-bb36-c9f1f8b420a1,5064,Worker1,50656.105224609375,50668.001220703125,0,50656
af4db3e4-2f01-40ce-bb36-c9f1f8b420a1,5065,Worker1,50680.188232421875,50691.001220703125,0,50680
af4db3e4-2f01-40ce-bb36-c9f1f8b420a1,5066,Worker1,50695.167236328125,50715.001220703125,0,50695
af4db3e4-2f01-40ce-bb36-c9f1f8b420a1,5067,Worker1,50705.294189453125,50716.001220703125,0,50705
af4db3e4-2f01-40ce-bb36-c9f1f8b420a1,5068,Worker1,50744.206298828125,50754.001220703125,0,50744
af4db3e4-2f01-40ce-bb36-c9f1f8b420a1,5069,Worker1,50763.30810546875,50775.001220703125,0,50763
af4db3e4-2f01-40ce-bb36-c9f1f8b420a1,5070,Worker1,50775.26416015625,50786.001220703125,0,50775
af4db3e4-2f01-40ce-bb36-c9f1f8b420a1,5071,Worker1,50776.106201171875,50789.001220703125,0,50776
af4db3e4-2f01-40ce-bb36-c9f1f8b420a1,5072,Worker1,50781.13330078125,50791.001220703125,0,50781
af4db3e4-2f01-40ce-bb36-c9f1f8b420a1,5073,Worker1,50796.1953125,50808.001220703125,0,50796
af4db3e4-2f01-40ce-bb36-c9f1f8b420a1,5074,Worker1,50806.149169921875,50816.001220703125,0,50806
af4db3e4-2f01-40ce-bb36-c9f1f8b420a1,5075,Worker1,50868.164306640625,50880.001220703125,0,50868
af4db3e4-2f01-40ce-bb36-c9f1f8b420a1,5076,Worker1,50872.30419921875,50891.001220703125,0,50872
af4db3e4-2f01-40ce-bb36-c9f1f8b420a1,5077,Worker1,50884.162109375,50894.001220703125,0,50884
af4db3e4-2f01-40ce-bb36-c9f1f8b420a1,5078,Worker1,50892.1982421875,50903.001220703125,0,50892
af4db3e4-2f01-40ce-bb36-c9f1f8b420a1,5079,Worker1,50919.21533203125,50932.001220703125,0,50919
af4db3e4-2f01-40ce-bb36-c9f1f8b420a1,5080,Worker1,50922.1201171875,50932.001220703125,0,50922
af4db3e4-2f01-40ce-bb36-c9f1f8b420a1,5081,Worker1,50924.119140625,50934.001220703125,0,50924
af4db3e4-2f01-40ce-bb36-c9f1f8b420a1,5082,Worker1,50931.1943359375,50944.001220703125,0,50931
af4db3e4-2f01-40ce-bb36-c9f1f8b420a1,5083,Worker1,50951.22412109375,50973.001220703125,0,50951
af4db3e4-2f01-40ce-bb36-c9f1f8b420a1,5084,Worker1,50964.21923828125,50984.001220703125,0,50964
af4db3e4-2f01-40ce-bb36-c9f1f8b420a1,5085,Worker1,50973.214111328125,50987.001220703125,0,50973
af4db3e4-2f01-40ce-bb36-c9f1f8b420a1,5086,Worker1,51001.13330078125,51011.001220703125,0,51001
af4db3e4-2f01-40ce-bb36-c9f1f8b420a1,5087,Worker1,51017.126220703125,51030.001220703125,0,51017
af4db3e4-2f01-40ce-bb36-c9f1f8b420a1,5088,Worker1,51020.26611328125,51031.001220703125,0,51020
af4db3e4-2f01-40ce-bb36-c9f1f8b420a1,5089,Worker1,51029.371337890625,51053.001220703125,0,51029
af4db3e4-2f01-40ce-bb36-c9f1f8b420a1,5090,Worker1,51059.210205078125,51069.001220703125,0,51059
af4db3e4-2f01-40ce-bb36-c9f1f8b420a1,5091,Worker1,51076.225341796875,51091.001220703125,0,51076
af4db3e4-2f01-40ce-bb36-c9f1f8b420a1,5092,Worker1,51078.1162109375,51088.001220703125,0,51078
af4db3e4-2f01-40ce-bb36-c9f1f8b420a1,5093,Worker1,51086.208251953125,51097.001220703125,0,51086
af4db3e4-2f01-40ce-bb36-c9f1f8b420a1,5094,Worker1,51091.252197265625,51102.001220703125,0,51091
af4db3e4-2f01-40ce-bb36-c9f1f8b420a1,5095,Worker1,51105.17724609375,51117.001220703125,0,51105
af4db3e4-2f01-40ce-bb36-c9f1f8b420a1,5096,Worker1,51114.149169921875,51126.001220703125,0,51114
af4db3e4-2f01-40ce-bb36-c9f1f8b420a1,5097,Worker1,51147.294189453125,51160.001220703125,0,51147
af4db3e4-2f01-40ce-bb36-c9f1f8b420a1,5098,Worker1,51164.13427734375,51178.001220703125,0,51164
af4db3e4-2f01-40ce-bb36-c9f1f8b420a1,5099,Worker1,51175.225341796875,51185.001220703125,0,51175
af4db3e4-2f01-40ce-bb36-c9f1f8b420a1,5100,Worker1,51183.226318359375,51198.001220703125,0,51183
af4db3e4-2f01-40ce-bb36-c9f1f8b420a1,5101,Worker1,51206.227294921875,51217.001220703125,0,51206
af4db3e4-2f01-40ce-bb36-c9f1f8b420a1,5102,Worker1,51209.240234375,51221.001220703125,0,51209
af4db3e4-2f01-40ce-bb36-c9f1f8b420a1,5103,Worker1,51210.09130859375,51228.001220703125,0,51210
af4db3e4-2f01-40ce-bb36-c9f1f8b420a1,5104,Worker1,51245.317138671875,51264.001220703125,0,51245
af4db3e4-2f01-40ce-bb36-c9f1f8b420a1,5105,Worker1,51249.152099609375,51273.001220703125,0,51249
af4db3e4-2f01-40ce-bb36-c9f1f8b420a1,5106,Worker1,51261.317138671875,51274.001220703125,0,51261
af4db3e4-2f01-40ce-bb36-c9f1f8b420a1,5107,Worker1,51269.34716796875,51281.001220703125,0,51269
af4db3e4-2f01-40ce-bb36-c9f1f8b420a1,5108,Worker1,51293.2021484375,51305.001220703125,0,51293
af4db3e4-2f01-40ce-bb36-c9f1f8b420a1,5109,Worker1,51307.1572265625,51318.001220703125,0,51307
af4db3e4-2f01-40ce-bb36-c9f1f8b420a1,5110,Worker1,51308.09423828125,51321.001220703125,0,51308
af4db3e4-2f01-40ce-bb36-c9f1f8b420a1,5111,Worker1,51314.152099609375,51338.001220703125,0,51314
af4db3e4-2f01-40ce-bb36-c9f1f8b420a1,5112,Worker1,51332.233154296875,51343.001220703125,0,51332
af4db3e4-2f01-40ce-bb36-c9f1f8b420a1,5113,Worker1,51344.235107421875,51355.001220703125,0,51344
af4db3e4-2f01-40ce-bb36-c9f1f8b420a1,5114,Worker1,51352.1611328125,51364.001220703125,0,51352
af4db3e4-2f01-40ce-bb36-c9f1f8b420a1,5115,Worker1,51357.110107421875,51367.001220703125,0,51357
af4db3e4-2f01-40ce-bb36-c9f1f8b420a1,5116,Worker1,51372.250244140625,51388.001220703125,0,51372
af4db3e4-2f01-40ce-bb36-c9f1f8b420a1,5117,Worker1,51382.125244140625,51393.001220703125,0,51382
af4db3e4-2f01-40ce-bb36-c9f1f8b420a1,5118,Worker1,51389.32421875,51402.001220703125,0,51389
af4db3e4-2f01-40ce-bb36-c9f1f8b420a1,5119,Worker1,51408.17626953125,51421.001220703125,0,51408
af4db3e4-2f01-40ce-bb36-c9f1f8b420a1,5120,Worker1,51410.145263671875,51426.001220703125,0,51410
af4db3e4-2f01-40ce-bb36-c9f1f8b420a1,5121,Worker1,51411.09423828125,51422.001220703125,0,51411
af4db3e4-2f01-40ce-bb36-c9f1f8b420a1,5122,Worker1,51437.3212890625,51450.001220703125,0,51437
af4db3e4-2f01-40ce-bb36-c9f1f8b420a1,5123,Worker1,51452.310302734375,51463.001220703125,0,51452
af4db3e4-2f01-40ce-bb36-c9f1f8b420a1,5124,Worker1,51462.172119140625,51473.001220703125,0,51462
af4db3e4-2f01-40ce-bb36-c9f1f8b420a1,5125,Worker1,51522.168212890625,51534.001220703125,0,51522
af4db3e4-2f01-40ce-bb36-c9f1f8b420a1,5126,Worker1,51541.283203125,51552.001220703125,0,51541
af4db3e4-2f01-40ce-bb36-c9f1f8b420a1,5127,Worker1,51543.130126953125,51554.001220703125,0,51543
af4db3e4-2f01-40ce-bb36-c9f1f8b420a1,5128,Worker1,51551.205322265625,51562.001220703125,0,51551
af4db3e4-2f01-40ce-bb36-c9f1f8b420a1,5129,Worker1,51557.2021484375,51570.001220703125,0,51557
af4db3e4-2f01-40ce-bb36-c9f1f8b420a1,5130,Worker1,51560.210205078125,51574.001220703125,0,51560
af4db3e4-2f01-40ce-bb36-c9f1f8b420a1,5131,Worker1,51562.1123046875,51572.001220703125,0,51562
af4db3e4-2f01-40ce-bb36-c9f1f8b420a1,5132,Worker1,51569.272216796875,51581.001220703125,0,51569
af4db3e4-2f01-40ce-bb36-c9f1f8b420a1,5133,Worker1,51573.208251953125,51583.001220703125,0,51573
af4db3e4-2f01-40ce-bb36-c9f1f8b420a1,5134,Worker1,51586.122314453125,51615.001220703125,0,51586
af4db3e4-2f01-40ce-bb36-c9f1f8b420a1,5135,Worker1,51587.100341796875,51600.001220703125,0,51587
af4db3e4-2f01-40ce-bb36-c9f1f8b420a1,5136,Worker1,51593.2041015625,51606.001220703125,0,51593
af4db3e4-2f01-40ce-bb36-c9f1f8b420a1,5137,Worker1,51609.119140625,51622.001220703125,0,51609
af4db3e4-2f01-40ce-bb36-c9f1f8b420a1,5138,Worker1,51620.330322265625,51655.001220703125,0,51620
af4db3e4-2f01-40ce-bb36-c9f1f8b420a1,5139,Worker1,51627.2861328125,51639.001220703125,0,51627
af4db3e4-2f01-40ce-bb36-c9f1f8b420a1,5140,Worker1,51632.127197265625,51643.001220703125,0,51632
af4db3e4-2f01-40ce-bb36-c9f1f8b420a1,5141,Worker1,51635.09521484375,51647.001220703125,0,51635
af4db3e4-2f01-40ce-bb36-c9f1f8b420a1,5142,Worker1,51636.110107421875,51650.001220703125,0,51636
af4db3e4-2f01-40ce-bb36-c9f1f8b420a1,5143,Worker1,51642.2451171875,51650.001220703125,0,51642
af4db3e4-2f01-40ce-bb36-c9f1f8b420a1,5144,Worker1,51658.151123046875,51670.001220703125,0,51658
af4db3e4-2f01-40ce-bb36-c9f1f8b420a1,5145,Worker1,51660.09619140625,51670.001220703125,0,51660
af4db3e4-2f01-40ce-bb36-c9f1f8b420a1,5146,Worker1,51667.13623046875,51678.001220703125,0,51667
af4db3e4-2f01-40ce-bb36-c9f1f8b420a1,5147,Worker1,51688.14111328125,51699.001220703125,0,51688
af4db3e4-2f01-40ce-bb36-c9f1f8b420a1,5148,Worker1,51701.34912109375,51714.001220703125,0,51701
af4db3e4-2f01-40ce-bb36-c9f1f8b420a1,5149,Worker1,51710.252197265625,51723.001220703125,0,51710
af4db3e4-2f01-40ce-bb36-c9f1f8b420a1,5150,Worker1,51742.168212890625,51754.001220703125,0,51742
af4db3e4-2f01-40ce-bb36-c9f1f8b420a1,5151,Worker1,51746.250244140625,51758.001220703125,0,51746
af4db3e4-2f01-40ce-bb36-c9f1f8b420a1,5152,Worker1,51748.108154296875,51761.001220703125,0,51748
af4db3e4-2f01-40ce-bb36-c9f1f8b420a1,5153,Worker1,51756.192138671875,51770.001220703125,0,51756
af4db3e4-2f01-40ce-bb36-c9f1f8b420a1,5154,Worker1,51778.1591796875,51789.001220703125,0,51778
af4db3e4-2f01-40ce-bb36-c9f1f8b420a1,5155,Worker1,51781.172119140625,51803.001220703125,0,51781
af4db3e4-2f01-40ce-bb36-c9f1f8b420a1,5156,Worker1,51782.09033203125,51794.001220703125,0,51782
af4db3e4-2f01-40ce-bb36-c9f1f8b420a1,5157,Worker1,51788.1123046875,51800.001220703125,0,51788
af4db3e4-2f01-40ce-bb36-c9f1f8b420a1,5158,Worker1,51805.15625,51819.001220703125,0,51805
af4db3e4-2f01-40ce-bb36-c9f1f8b420a1,5160,Worker1,51817.43310546875,51830.001220703125,0,51817
af4db3e4-2f01-40ce-bb36-c9f1f8b420a1,5159,Worker1,51817.1982421875,51831.001220703125,0,51817
af4db3e4-2f01-40ce-bb36-c9f1f8b420a1,5161,Worker1,51840.276123046875,51852.001220703125,0,51840
af4db3e4-2f01-40ce-bb36-c9f1f8b420a1,5162,Worker1,51843.124267578125,51854.001220703125,0,51843
af4db3e4-2f01-40ce-bb36-c9f1f8b420a1,5163,Worker1,51853.230224609375,51863.001220703125,0,51853
af4db3e4-2f01-40ce-bb36-c9f1f8b420a1,5164,Worker1,51859.162109375,51883.001220703125,0,51859
af4db3e4-2f01-40ce-bb36-c9f1f8b420a1,5165,Worker1,51877.206298828125,51888.001220703125,0,51877
af4db3e4-2f01-40ce-bb36-c9f1f8b420a1,5166,Worker1,51879.1142578125,51904.001220703125,0,51879
af4db3e4-2f01-40ce-bb36-c9f1f8b420a1,5167,Worker1,51879.30224609375,51903.001220703125,0,51879
af4db3e4-2f01-40ce-bb36-c9f1f8b420a1,5168,Worker1,51884.26513671875,51896.001220703125,0,51884
af4db3e4-2f01-40ce-bb36-c9f1f8b420a1,5169,Worker1,51887.22119140625,51900.001220703125,0,51887
af4db3e4-2f01-40ce-bb36-c9f1f8b420a1,5170,Worker1,51897.25732421875,51911.001220703125,0,51897
af4db3e4-2f01-40ce-bb36-c9f1f8b420a1,5171,Worker1,51936.1943359375,51958.001220703125,0,51936
af4db3e4-2f01-40ce-bb36-c9f1f8b420a1,5172,Worker1,51940.18310546875,51952.001220703125,0,51940
af4db3e4-2f01-40ce-bb36-c9f1f8b420a1,5173,Worker1,51952.1533203125,51964.001220703125,0,51952
af4db3e4-2f01-40ce-bb36-c9f1f8b420a1,5174,Worker1,51953.104248046875,51965.001220703125,0,51953
af4db3e4-2f01-40ce-bb36-c9f1f8b420a1,5175,Worker1,51978.234130859375,51993.001220703125,0,51978
af4db3e4-2f01-40ce-bb36-c9f1f8b420a1,5176,Worker1,51981.192138671875,51993.001220703125,0,51981
af4db3e4-2f01-40ce-bb36-c9f1f8b420a1,5177,Worker1,51982.105224609375,51993.001220703125,0,51982
af4db3e4-2f01-40ce-bb36-c9f1f8b420a1,5178,Worker1,52031.22314453125,52042.001220703125,0,52031
af4db3e4-2f01-40ce-bb36-c9f1f8b420a1,5179,Worker1,52050.13427734375,52061.001220703125,0,52050
af4db3e4-2f01-40ce-bb36-c9f1f8b420a1,5180,Worker1,52052.11328125,52065.001220703125,0,52052
af4db3e4-2f01-40ce-bb36-c9f1f8b420a1,5181,Worker1,52053.105224609375,52062.001220703125,0,52053
af4db3e4-2f01-40ce-bb36-c9f1f8b420a1,5182,Worker1,52059.30517578125,52070.001220703125,0,52059
af4db3e4-2f01-40ce-bb36-c9f1f8b420a1,5183,Worker1,52074.21728515625,52086.001220703125,0,52074
af4db3e4-2f01-40ce-bb36-c9f1f8b420a1,5184,Worker1,52075.09228515625,52089.001220703125,0,52075
af4db3e4-2f01-40ce-bb36-c9f1f8b420a1,5185,Worker1,52082.1982421875,52098.001220703125,0,52082
af4db3e4-2f01-40ce-bb36-c9f1f8b420a1,5186,Worker1,52086.123291015625,52098.001220703125,0,52086
af4db3e4-2f01-40ce-bb36-c9f1f8b420a1,5187,Worker1,52099.3271484375,52111.001220703125,0,52099
af4db3e4-2f01-40ce-bb36-c9f1f8b420a1,5188,Worker1,52100.106201171875,52125.001220703125,0,52100
af4db3e4-2f01-40ce-bb36-c9f1f8b420a1,5189,Worker1,52106.129150390625,52122.001220703125,0,52106
af4db3e4-2f01-40ce-bb36-c9f1f8b420a1,5190,Worker1,52109.225341796875,52123.001220703125,0,52109
af4db3e4-2f01-40ce-bb36-c9f1f8b420a1,5191,Worker1,52120.1943359375,52149.001220703125,0,52120
af4db3e4-2f01-40ce-bb36-c9f1f8b420a1,5192,Worker1,52127.131103515625,52138.001220703125,0,52127
af4db3e4-2f01-40ce-bb36-c9f1f8b420a1,5193,Worker1,52132.1123046875,52144.001220703125,0,52132
af4db3e4-2f01-40ce-bb36-c9f1f8b420a1,5194,Worker1,52145.26416015625,52160.001220703125,0,52145
af4db3e4-2f01-40ce-bb36-c9f1f8b420a1,5195,Worker1,52146.102294921875,52157.001220703125,0,52146
af4db3e4-2f01-40ce-bb36-c9f1f8b420a1,5196,Worker1,52175.165283203125,52185.001220703125,0,52175
af4db3e4-2f01-40ce-bb36-c9f1f8b420a1,5197,Worker1,52191.208251953125,52204.001220703125,0,52191
af4db3e4-2f01-40ce-bb36-c9f1f8b420a1,5198,Worker1,52193.254150390625,52207.001220703125,0,52193
af4db3e4-2f01-40ce-bb36-c9f1f8b420a1,5199,Worker1,52200.1171875,52223.001220703125,0,52200
af4db3e4-2f01-40ce-bb36-c9f1f8b420a1,5200,Worker1,52221.322265625,52233.001220703125,0,52221
af4db3e4-2f01-40ce-bb36-c9f1f8b420a1,5201,Worker1,52224.168212890625,52235.001220703125,0,52224
af4db3e4-2f01-40ce-bb36-c9f1f8b420a1,5202,Worker1,52225.1181640625,52237.001220703125,0,52225
af4db3e4-2f01-40ce-bb36-c9f1f8b420a1,5203,Worker1,52231.106201171875,52257.001220703125,0,52231
af4db3e4-2f01-40ce-bb36-c9f1f8b420a1,5204,Worker1,52235.246337890625,52274.001220703125,0,52235
af4db3e4-2f01-40ce-bb36-c9f1f8b420a1,5205,Worker1,52237.110107421875,52264.001220703125,0,52237
af4db3e4-2f01-40ce-bb36-c9f1f8b420a1,5206,Worker1,52237.310302734375,52249.001220703125,0,52237
af4db3e4-2f01-40ce-bb36-c9f1f8b420a1,5207,Worker1,52242.1142578125,52251.001220703125,0,52242
af4db3e4-2f01-40ce-bb36-c9f1f8b420a1,5208,Worker1,52256.240234375,52281.001220703125,0,52256
af4db3e4-2f01-40ce-bb36-c9f1f8b420a1,5209,Worker1,52265.152099609375,52285.001220703125,0,52265
af4db3e4-2f01-40ce-bb36-c9f1f8b420a1,5210,Worker1,52271.247314453125,52283.001220703125,0,52271
af4db3e4-2f01-40ce-bb36-c9f1f8b420a1,5211,Worker1,52288.130126953125,52304.001220703125,0,52288
af4db3e4-2f01-40ce-bb36-c9f1f8b420a1,5212,Worker1,52299.17431640625,52311.001220703125,0,52299
af4db3e4-2f01-40ce-bb36-c9f1f8b420a1,5213,Worker1,52299.17431640625,52309.001220703125,0,52299
af4db3e4-2f01-40ce-bb36-c9f1f8b420a1,5214,Worker1,52304.30615234375,52315.001220703125,0,52304
af4db3e4-2f01-40ce-bb36-c9f1f8b420a1,5215,Worker1,52307.0322265625,52319.001220703125,0,52307
af4db3e4-2f01-40ce-bb36-c9f1f8b420a1,5216,Worker1,52308.09521484375,52324.001220703125,0,52308
af4db3e4-2f01-40ce-bb36-c9f1f8b420a1,5217,Worker1,52314.184326171875,52334.001220703125,0,52314
af4db3e4-2f01-40ce-bb36-c9f1f8b420a1,5218,Worker1,52318.130126953125,52329.001220703125,0,52318
af4db3e4-2f01-40ce-bb36-c9f1f8b420a1,5219,Worker1,52330.1171875,52355.001220703125,0,52330
af4db3e4-2f01-40ce-bb36-c9f1f8b420a1,5220,Worker1,52330.290283203125,52340.001220703125,0,52330
af4db3e4-2f01-40ce-bb36-c9f1f8b420a1,5221,Worker1,52335.271240234375,52349.001220703125,0,52335
af4db3e4-2f01-40ce-bb36-c9f1f8b420a1,5222,Worker1,52338.130126953125,52351.001220703125,0,52338
af4db3e4-2f01-40ce-bb36-c9f1f8b420a1,5223,Worker1,52348.240234375,52360.001220703125,0,52348
af4db3e4-2f01-40ce-bb36-c9f1f8b420a1,5224,Worker1,52385.3193359375,52397.001220703125,0,52385
af4db3e4-2f01-40ce-bb36-c9f1f8b420a1,5225,Worker1,52389.105224609375,52399.001220703125,0,52389
af4db3e4-2f01-40ce-bb36-c9f1f8b420a1,5226,Worker1,52391.1123046875,52403.001220703125,0,52391
af4db3e4-2f01-40ce-bb36-c9f1f8b420a1,5227,Worker1,52392.09228515625,52407.001220703125,0,52392
af4db3e4-2f01-40ce-bb36-c9f1f8b420a1,5228,Worker1,52397.291259765625,52408.001220703125,0,52397
af4db3e4-2f01-40ce-bb36-c9f1f8b420a1,5229,Worker1,52411.22314453125,52423.001220703125,0,52411
af4db3e4-2f01-40ce-bb36-c9f1f8b420a1,5230,Worker1,52412.086181640625,52424.001220703125,0,52412
af4db3e4-2f01-40ce-bb36-c9f1f8b420a1,5231,Worker1,52453.267333984375,52465.001220703125,0,52453
af4db3e4-2f01-40ce-bb36-c9f1f8b420a1,5232,Worker1,52457.163330078125,52467.001220703125,0,52457
af4db3e4-2f01-40ce-bb36-c9f1f8b420a1,5233,Worker1,52469.16015625,52482.001220703125,0,52469
af4db3e4-2f01-40ce-bb36-c9f1f8b420a1,5234,Worker1,52477.251220703125,52490.001220703125,0,52477
af4db3e4-2f01-40ce-bb36-c9f1f8b420a1,5235,Worker1,52482.17626953125,52493.001220703125,0,52482
af4db3e4-2f01-40ce-bb36-c9f1f8b420a1,5236,Worker1,52497.119140625,52508.001220703125,0,52497
af4db3e4-2f01-40ce-bb36-c9f1f8b420a1,5237,Worker1,52498.108154296875,52510.001220703125,0,52498
af4db3e4-2f01-40ce-bb36-c9f1f8b420a1,5238,Worker1,52552.188232421875,52563.001220703125,0,52552
af4db3e4-2f01-40ce-bb36-c9f1f8b420a1,5239,Worker1,52571.226318359375,52583.001220703125,0,52571
af4db3e4-2f01-40ce-bb36-c9f1f8b420a1,5240,Worker1,52573.1181640625,52583.001220703125,0,52573
af4db3e4-2f01-40ce-bb36-c9f1f8b420a1,5241,Worker1,52581.21826171875,52592.001220703125,0,52581
af4db3e4-2f01-40ce-bb36-c9f1f8b420a1,5242,Worker1,52607.231201171875,52618.001220703125,0,52607
af4db3e4-2f01-40ce-bb36-c9f1f8b420a1,5243,Worker1,52627.311279296875,52644.001220703125,0,52627
af4db3e4-2f01-40ce-bb36-c9f1f8b420a1,5244,Worker1,52640.276123046875,52651.001220703125,0,52640
af4db3e4-2f01-40ce-bb36-c9f1f8b420a1,5245,Worker1,52641.09912109375,52656.001220703125,0,52641
af4db3e4-2f01-40ce-bb36-c9f1f8b420a1,5246,Worker1,52671.22314453125,52685.001220703125,0,52671
af4db3e4-2f01-40ce-bb36-c9f1f8b420a1,5247,Worker1,52687.225341796875,52702.001220703125,0,52687
af4db3e4-2f01-40ce-bb36-c9f1f8b420a1,5248,Worker1,52689.108154296875,52700.001220703125,0,52689
af4db3e4-2f01-40ce-bb36-c9f1f8b420a1,5249,Worker1,52696.131103515625,52708.001220703125,0,52696
af4db3e4-2f01-40ce-bb36-c9f1f8b420a1,5250,Worker1,52701.289306640625,52723.001220703125,0,52701
af4db3e4-2f01-40ce-bb36-c9f1f8b420a1,5251,Worker1,52714.18115234375,52724.001220703125,0,52714
af4db3e4-2f01-40ce-bb36-c9f1f8b420a1,5252,Worker1,52723.168212890625,52734.001220703125,0,52723
af4db3e4-2f01-40ce-bb36-c9f1f8b420a1,5253,Worker1,52729.151123046875,52742.001220703125,0,52729
af4db3e4-2f01-40ce-bb36-c9f1f8b420a1,5254,Worker1,52746.209228515625,52758.001220703125,0,52746
af4db3e4-2f01-40ce-bb36-c9f1f8b420a1,5255,Worker1,52757.162109375,52769.001220703125,0,52757
af4db3e4-2f01-40ce-bb36-c9f1f8b420a1,5256,Worker1,52764.2392578125,52779.001220703125,0,52764
af4db3e4-2f01-40ce-bb36-c9f1f8b420a1,5257,Worker1,52786.170166015625,52797.001220703125,0,52786
af4db3e4-2f01-40ce-bb36-c9f1f8b420a1,5258,Worker1,52789.124267578125,52802.001220703125,0,52789
af4db3e4-2f01-40ce-bb36-c9f1f8b420a1,5259,Worker1,52790.09814453125,52838.001220703125,0,52790
af4db3e4-2f01-40ce-bb36-c9f1f8b420a1,5260,Worker1,52796.154296875,52807.001220703125,0,52796
af4db3e4-2f01-40ce-bb36-c9f1f8b420a1,5261,Worker1,52813.26416015625,52823.001220703125,0,52813
af4db3e4-2f01-40ce-bb36-c9f1f8b420a1,5262,Worker1,52824.250244140625,52841.001220703125,0,52824
af4db3e4-2f01-40ce-bb36-c9f1f8b420a1,5263,Worker1,52824.417236328125,52844.001220703125,0,52824
af4db3e4-2f01-40ce-bb36-c9f1f8b420a1,5264,Worker1,52846.164306640625,52858.001220703125,0,52846
af4db3e4-2f01-40ce-bb36-c9f1f8b420a1,5265,Worker1,52860.361328125,52874.001220703125,0,52860
af4db3e4-2f01-40ce-bb36-c9f1f8b420a1,5266,Worker1,52861.09521484375,52872.001220703125,0,52861
af4db3e4-2f01-40ce-bb36-c9f1f8b420a1,5267,Worker1,52867.213134765625,52879.001220703125,0,52867
af4db3e4-2f01-40ce-bb36-c9f1f8b420a1,5268,Worker1,52871.231201171875,52883.001220703125,0,52871
af4db3e4-2f01-40ce-bb36-c9f1f8b420a1,5269,Worker1,52883.15625,52907.001220703125,0,52883
af4db3e4-2f01-40ce-bb36-c9f1f8b420a1,5270,Worker1,52891.131103515625,52901.001220703125,0,52891
af4db3e4-2f01-40ce-bb36-c9f1f8b420a1,5271,Worker1,52915.254150390625,52926.001220703125,0,52915
af4db3e4-2f01-40ce-bb36-c9f1f8b420a1,5272,Worker1,52929.30810546875,52939.001220703125,0,52929
af4db3e4-2f01-40ce-bb36-c9f1f8b420a1,5273,Worker1,52939.354248046875,52950.001220703125,0,52939
af4db3e4-2f01-40ce-bb36-c9f1f8b420a1,5274,Worker1,52946.206298828125,52958.001220703125,0,52946
af4db3e4-2f01-40ce-bb36-c9f1f8b420a1,5275,Worker1,52964.123291015625,52976.001220703125,0,52964
af4db3e4-2f01-40ce-bb36-c9f1f8b420a1,5276,Worker1,52966.1142578125,52984.001220703125,0,52966
af4db3e4-2f01-40ce-bb36-c9f1f8b420a1,5277,Worker1,52974.26123046875,52987.001220703125,0,52974
af4db3e4-2f01-40ce-bb36-c9f1f8b420a1,5278,Worker1,52998.252197265625,53023.001220703125,0,52998
af4db3e4-2f01-40ce-bb36-c9f1f8b420a1,5279,Worker1,53001.11328125,53013.001220703125,0,53001
af4db3e4-2f01-40ce-bb36-c9f1f8b420a1,5280,Worker1,53011.231201171875,53022.001220703125,0,53011
af4db3e4-2f01-40ce-bb36-c9f1f8b420a1,5281,Worker1,53053.18115234375,53066.001220703125,0,53053
af4db3e4-2f01-40ce-bb36-c9f1f8b420a1,5282,Worker1,53057.165283203125,53069.001220703125,0,53057
af4db3e4-2f01-40ce-bb36-c9f1f8b420a1,5283,Worker1,53059.121337890625,53070.001220703125,0,53059
af4db3e4-2f01-40ce-bb36-c9f1f8b420a1,5284,Worker1,53067.201171875,53077.001220703125,0,53067
af4db3e4-2f01-40ce-bb36-c9f1f8b420a1,5285,Worker1,53072.30322265625,53083.001220703125,0,53072
af4db3e4-2f01-40ce-bb36-c9f1f8b420a1,5286,Worker1,53075.142333984375,53087.001220703125,0,53075
af4db3e4-2f01-40ce-bb36-c9f1f8b420a1,5287,Worker1,53085.28125,53098.001220703125,0,53085
af4db3e4-2f01-40ce-bb36-c9f1f8b420a1,5288,Worker1,53138.154296875,53163.001220703125,0,53138
af4db3e4-2f01-40ce-bb36-c9f1f8b420a1,5289,Worker1,53142.169189453125,53157.001220703125,0,53142
af4db3e4-2f01-40ce-bb36-c9f1f8b420a1,5290,Worker1,53144.1201171875,53159.001220703125,0,53144
af4db3e4-2f01-40ce-bb36-c9f1f8b420a1,5291,Worker1,53152.21533203125,53162.001220703125,0,53152
af4db3e4-2f01-40ce-bb36-c9f1f8b420a1,5292,Worker1,53158.21533203125,53167.001220703125,0,53158
af4db3e4-2f01-40ce-bb36-c9f1f8b420a1,5293,Worker1,53173.229248046875,53185.001220703125,0,53173
af4db3e4-2f01-40ce-bb36-c9f1f8b420a1,5294,Worker1,53183.13818359375,53206.001220703125,0,53183
af4db3e4-2f01-40ce-bb36-c9f1f8b420a1,5295,Worker1,53190.115234375,53203.001220703125,0,53190
af4db3e4-2f01-40ce-bb36-c9f1f8b420a1,5296,Worker1,53210.123291015625,53233.001220703125,0,53210
af4db3e4-2f01-40ce-bb36-c9f1f8b420a1,5297,Worker1,53223.3681640625,53234.001220703125,0,53223
af4db3e4-2f01-40ce-bb36-c9f1f8b420a1,5298,Worker1,53224.109130859375,53238.001220703125,0,53224
af4db3e4-2f01-40ce-bb36-c9f1f8b420a1,5299,Worker1,53251.158203125,53264.001220703125,0,53251
af4db3e4-2f01-40ce-bb36-c9f1f8b420a1,5300,Worker1,53267.1181640625,53278.001220703125,0,53267
af4db3e4-2f01-40ce-bb36-c9f1f8b420a1,5301,Worker1,53269.104248046875,53280.001220703125,0,53269
af4db3e4-2f01-40ce-bb36-c9f1f8b420a1,5302,Worker1,53276.250244140625,53287.001220703125,0,53276
af4db3e4-2f01-40ce-bb36-c9f1f8b420a1,5303,Worker1,53281.227294921875,53291.001220703125,0,53281
af4db3e4-2f01-40ce-bb36-c9f1f8b420a1,5304,Worker1,53294.13623046875,53314.001220703125,0,53294
af4db3e4-2f01-40ce-bb36-c9f1f8b420a1,5305,Worker1,53295.105224609375,53313.001220703125,0,53295
af4db3e4-2f01-40ce-bb36-c9f1f8b420a1,5306,Worker1,53301.185302734375,53313.001220703125,0,53301
af4db3e4-2f01-40ce-bb36-c9f1f8b420a1,5307,Worker1,53317.188232421875,53327.001220703125,0,53317
af4db3e4-2f01-40ce-bb36-c9f1f8b420a1,5308,Worker1,53328.130126953125,53351.001220703125,0,53328
af4db3e4-2f01-40ce-bb36-c9f1f8b420a1,5309,Worker1,53335.211181640625,53353.001220703125,0,53335
af4db3e4-2f01-40ce-bb36-c9f1f8b420a1,5310,Worker1,53356.231201171875,53381.001220703125,0,53356
af4db3e4-2f01-40ce-bb36-c9f1f8b420a1,5311,Worker1,53369.25927734375,53382.001220703125,0,53369
af4db3e4-2f01-40ce-bb36-c9f1f8b420a1,5312,Worker1,53378.22119140625,53390.001220703125,0,53378
af4db3e4-2f01-40ce-bb36-c9f1f8b420a1,5313,Worker1,53384.1982421875,53404.001220703125,0,53384
af4db3e4-2f01-40ce-bb36-c9f1f8b420a1,5314,Worker1,53401.274169921875,53413.001220703125,0,53401
af4db3e4-2f01-40ce-bb36-c9f1f8b420a1,5315,Worker1,53403.313232421875,53414.001220703125,0,53403
af4db3e4-2f01-40ce-bb36-c9f1f8b420a1,5316,Worker1,53411.230224609375,53423.001220703125,0,53411
af4db3e4-2f01-40ce-bb36-c9f1f8b420a1,5317,Worker1,53416.150146484375,53428.001220703125,0,53416
af4db3e4-2f01-40ce-bb36-c9f1f8b420a1,5318,Worker1,53419.1982421875,53431.001220703125,0,53419
af4db3e4-2f01-40ce-bb36-c9f1f8b420a1,5319,Worker1,53420.102294921875,53454.001220703125,0,53420
af4db3e4-2f01-40ce-bb36-c9f1f8b420a1,5320,Worker1,53426.18115234375,53437.001220703125,0,53426
af4db3e4-2f01-40ce-bb36-c9f1f8b420a1,5321,Worker1,53430.167236328125,53442.001220703125,0,53430
af4db3e4-2f01-40ce-bb36-c9f1f8b420a1,5322,Worker1,53441.2412109375,53452.001220703125,0,53441
af4db3e4-2f01-40ce-bb36-c9f1f8b420a1,5323,Worker1,53449.22119140625,53462.001220703125,0,53449
af4db3e4-2f01-40ce-bb36-c9f1f8b420a1,5324,Worker1,53454.129150390625,53466.001220703125,0,53454
af4db3e4-2f01-40ce-bb36-c9f1f8b420a1,5325,Worker1,53457.170166015625,53470.001220703125,0,53457
af4db3e4-2f01-40ce-bb36-c9f1f8b420a1,5326,Worker1,53458.09814453125,53483.001220703125,0,53458
af4db3e4-2f01-40ce-bb36-c9f1f8b420a1,5327,Worker1,53494.256103515625,53505.001220703125,0,53494
af4db3e4-2f01-40ce-bb36-c9f1f8b420a1,5328,Worker1,53498.170166015625,53510.001220703125,0,53498
af4db3e4-2f01-40ce-bb36-c9f1f8b420a1,5329,Worker1,53500.115234375,53512.001220703125,0,53500
af4db3e4-2f01-40ce-bb36-c9f1f8b420a1,5330,Worker1,53508.193115234375,53526.001220703125,0,53508
af4db3e4-2f01-40ce-bb36-c9f1f8b420a1,5331,Worker1,53532.131103515625,53545.001220703125,0,53532
af4db3e4-2f01-40ce-bb36-c9f1f8b420a1,5332,Worker1,53547.126220703125,53559.001220703125,0,53547
af4db3e4-2f01-40ce-bb36-c9f1f8b420a1,5333,Worker1,53557.122314453125,53573.001220703125,0,53557
af4db3e4-2f01-40ce-bb36-c9f1f8b420a1,5334,Worker1,53564.152099609375,53575.001220703125,0,53564
af4db3e4-2f01-40ce-bb36-c9f1f8b420a1,5335,Worker1,53582.279296875,53594.001220703125,0,53582
af4db3e4-2f01-40ce-bb36-c9f1f8b420a1,5336,Worker1,53584.111328125,53594.001220703125,0,53584
af4db3e4-2f01-40ce-bb36-c9f1f8b420a1,5337,Worker1,53585.103271484375,53596.001220703125,0,53585
af4db3e4-2f01-40ce-bb36-c9f1f8b420a1,5338,Worker1,53610.213134765625,53623.001220703125,0,53610
af4db3e4-2f01-40ce-bb36-c9f1f8b420a1,5339,Worker1,53613.11328125,53623.001220703125,0,53613
af4db3e4-2f01-40ce-bb36-c9f1f8b420a1,5340,Worker1,53614.105224609375,53624.001220703125,0,53614
af4db3e4-2f01-40ce-bb36-c9f1f8b420a1,5341,Worker1,53661.229248046875,53673.001220703125,0,53661
af4db3e4-2f01-40ce-bb36-c9f1f8b420a1,5342,Worker1,53680.21826171875,53694.001220703125,0,53680
af4db3e4-2f01-40ce-bb36-c9f1f8b420a1,5343,Worker1,53682.1201171875,53692.001220703125,0,53682
af4db3e4-2f01-40ce-bb36-c9f1f8b420a1,5344,Worker1,53683.103271484375,53693.001220703125,0,53683
af4db3e4-2f01-40ce-bb36-c9f1f8b420a1,5345,Worker1,53709.288330078125,53722.001220703125,0,53709
af4db3e4-2f01-40ce-bb36-c9f1f8b420a1,5346,Worker1,53712.21630859375,53723.001220703125,0,53712
af4db3e4-2f01-40ce-bb36-c9f1f8b420a1,5347,Worker1,53713.09521484375,53724.001220703125,0,53713
af4db3e4-2f01-40ce-bb36-c9f1f8b420a1,5348,Worker1,53769.13818359375,53780.001220703125,0,53769
af4db3e4-2f01-40ce-bb36-c9f1f8b420a1,5349,Worker1,53773.251220703125,53785.001220703125,0,53773
af4db3e4-2f01-40ce-bb36-c9f1f8b420a1,5350,Worker1,53786.17431640625,53799.001220703125,0,53786
af4db3e4-2f01-40ce-bb36-c9f1f8b420a1,5351,Worker1,53787.107177734375,53798.001220703125,0,53787
af4db3e4-2f01-40ce-bb36-c9f1f8b420a1,5352,Worker1,53793.25732421875,53804.001220703125,0,53793
af4db3e4-2f01-40ce-bb36-c9f1f8b420a1,5353,Worker1,53796.17333984375,53818.001220703125,0,53796
af4db3e4-2f01-40ce-bb36-c9f1f8b420a1,5354,Worker1,53806.21630859375,53851.001220703125,0,53806
af4db3e4-2f01-40ce-bb36-c9f1f8b420a1,5355,Worker1,53813.30615234375,53828.001220703125,0,53813
af4db3e4-2f01-40ce-bb36-c9f1f8b420a1,5356,Worker1,53818.315185546875,53830.001220703125,0,53818
af4db3e4-2f01-40ce-bb36-c9f1f8b420a1,5357,Worker1,53821.3291015625,53833.001220703125,0,53821
af4db3e4-2f01-40ce-bb36-c9f1f8b420a1,5358,Worker1,53830.13623046875,53841.001220703125,0,53830
af4db3e4-2f01-40ce-bb36-c9f1f8b420a1,5359,Worker1,53859.13818359375,53871.001220703125,0,53859
af4db3e4-2f01-40ce-bb36-c9f1f8b420a1,5360,Worker1,53863.28515625,53872.001220703125,0,53863
af4db3e4-2f01-40ce-bb36-c9f1f8b420a1,5361,Worker1,53874.248291015625,53886.001220703125,0,53874
af4db3e4-2f01-40ce-bb36-c9f1f8b420a1,5362,Worker1,53874.250244140625,53888.001220703125,0,53874
af4db3e4-2f01-40ce-bb36-c9f1f8b420a1,5363,Worker1,53895.188232421875,53916.001220703125,0,53895
af4db3e4-2f01-40ce-bb36-c9f1f8b420a1,5364,Worker1,53908.295166015625,53918.001220703125,0,53908
af4db3e4-2f01-40ce-bb36-c9f1f8b420a1,5365,Worker1,53909.09423828125,53921.001220703125,0,53909
af4db3e4-2f01-40ce-bb36-c9f1f8b420a1,5366,Worker1,53915.104248046875,53925.001220703125,0,53915
af4db3e4-2f01-40ce-bb36-c9f1f8b420a1,5367,Worker1,53919.1962890625,53943.001220703125,0,53919
af4db3e4-2f01-40ce-bb36-c9f1f8b420a1,5368,Worker1,53930.104248046875,53944.001220703125,0,53930
af4db3e4-2f01-40ce-bb36-c9f1f8b420a1,5369,Worker1,53937.206298828125,53957.001220703125,0,53937
af4db3e4-2f01-40ce-bb36-c9f1f8b420a1,5370,Worker1,53959.235107421875,53983.001220703125,0,53959
af4db3e4-2f01-40ce-bb36-c9f1f8b420a1,5371,Worker1,53962.106201171875,53986.001220703125,0,53962
af4db3e4-2f01-40ce-bb36-c9f1f8b420a1,5372,Worker1,53963.101318359375,53975.001220703125,0,53963
af4db3e4-2f01-40ce-bb36-c9f1f8b420a1,5373,Worker1,53995.26025390625,54007.001220703125,0,53995
af4db3e4-2f01-40ce-bb36-c9f1f8b420a1,5374,Worker1,54012.2001953125,54023.001220703125,0,54012
af4db3e4-2f01-40ce-bb36-c9f1f8b420a1,5375,Worker1,54023.4482421875,54033.001220703125,0,54023
af4db3e4-2f01-40ce-bb36-c9f1f8b420a1,5376,Worker1,54023.26611328125,54032.001220703125,0,54023
af4db3e4-2f01-40ce-bb36-c9f1f8b420a1,5377,Worker1,54045.30615234375,54058.001220703125,0,54045
af4db3e4-2f01-40ce-bb36-c9f1f8b420a1,5378,Worker1,54059.207275390625,54069.001220703125,0,54059
af4db3e4-2f01-40ce-bb36-c9f1f8b420a1,5379,Worker1,54060.109130859375,54071.001220703125,0,54060
af4db3e4-2f01-40ce-bb36-c9f1f8b420a1,5380,Worker1,54094.236328125,54106.001220703125,0,54094
af4db3e4-2f01-40ce-bb36-c9f1f8b420a1,5381,Worker1,54098.189208984375,54123.001220703125,0,54098
af4db3e4-2f01-40ce-bb36-c9f1f8b420a1,5382,Worker1,54110.233154296875,54123.001220703125,0,54110
af4db3e4-2f01-40ce-bb36-c9f1f8b420a1,5383,Worker1,54110.412109375,54126.001220703125,0,54110
af4db3e4-2f01-40ce-bb36-c9f1f8b420a1,5384,Worker1,54133.267333984375,54147.001220703125,0,54133
af4db3e4-2f01-40ce-bb36-c9f1f8b420a1,5385,Worker1,54147.380126953125,54159.001220703125,0,54147
af4db3e4-2f01-40ce-bb36-c9f1f8b420a1,5386,Worker1,54157.210205078125,54169.001220703125,0,54157
af4db3e4-2f01-40ce-bb36-c9f1f8b420a1,5387,Worker1,54194.19921875,54218.001220703125,0,54194
af4db3e4-2f01-40ce-bb36-c9f1f8b420a1,5388,Worker1,54212.240234375,54226.001220703125,0,54212
af4db3e4-2f01-40ce-bb36-c9f1f8b420a1,5389,Worker1,54214.104248046875,54225.001220703125,0,54214
af4db3e4-2f01-40ce-bb36-c9f1f8b420a1,5390,Worker1,54222.267333984375,54232.001220703125,0,54222
af4db3e4-2f01-40ce-bb36-c9f1f8b420a1,5391,Worker1,54246.151123046875,54258.001220703125,0,54246
af4db3e4-2f01-40ce-bb36-c9f1f8b420a1,5392,Worker1,54249.197265625,54261.001220703125,0,54249
af4db3e4-2f01-40ce-bb36-c9f1f8b420a1,5393,Worker1,54250.09326171875,54261.001220703125,0,54250
af4db3e4-2f01-40ce-bb36-c9f1f8b420a1,5394,Worker1,54257.288330078125,54267.001220703125,0,54257
af4db3e4-2f01-40ce-bb36-c9f1f8b420a1,5395,Worker1,54261.30810546875,54270.001220703125,0,54261
af4db3e4-2f01-40ce-bb36-c9f1f8b420a1,5396,Worker1,54273.226318359375,54297.001220703125,0,54273
af4db3e4-2f01-40ce-bb36-c9f1f8b420a1,5397,Worker1,54274.09228515625,54286.001220703125,0,54274
af4db3e4-2f01-40ce-bb36-c9f1f8b420a1,5398,Worker1,54280.13525390625,54292.001220703125,0,54280
af4db3e4-2f01-40ce-bb36-c9f1f8b420a1,5399,Worker1,54295.247314453125,54310.001220703125,0,54295
af4db3e4-2f01-40ce-bb36-c9f1f8b420a1,5400,Worker1,54305.2861328125,54314.001220703125,0,54305
af4db3e4-2f01-40ce-bb36-c9f1f8b420a1,5401,Worker1,54352.3681640625,54365.001220703125,0,54352
af4db3e4-2f01-40ce-bb36-c9f1f8b420a1,5402,Worker1,54356.17529296875,54365.001220703125,0,54356
af4db3e4-2f01-40ce-bb36-c9f1f8b420a1,5403,Worker1,54368.104248046875,54380.001220703125,0,54368
af4db3e4-2f01-40ce-bb36-c9f1f8b420a1,5404,Worker1,54370.1162109375,54381.001220703125,0,54370
af4db3e4-2f01-40ce-bb36-c9f1f8b420a1,5405,Worker1,54377.17822265625,54389.001220703125,0,54377
af4db3e4-2f01-40ce-bb36-c9f1f8b420a1,5406,Worker1,54382.249267578125,54394.001220703125,0,54382
af4db3e4-2f01-40ce-bb36-c9f1f8b420a1,5407,Worker1,54385.229248046875,54395.001220703125,0,54385
af4db3e4-2f01-40ce-bb36-c9f1f8b420a1,5408,Worker1,54386.09912109375,54399.001220703125,0,54386
af4db3e4-2f01-40ce-bb36-c9f1f8b420a1,5409,Worker1,54414.295166015625,54438.001220703125,0,54414
af4db3e4-2f01-40ce-bb36-c9f1f8b420a1,5410,Worker1,54430.311279296875,54453.001220703125,0,54430
af4db3e4-2f01-40ce-bb36-c9f1f8b420a1,5411,Worker1,54441.1572265625,54463.001220703125,0,54441
af4db3e4-2f01-40ce-bb36-c9f1f8b420a1,5412,Worker1,54448.106201171875,54461.001220703125,0,54448
af4db3e4-2f01-40ce-bb36-c9f1f8b420a1,5413,Worker1,54453.28515625,54470.001220703125,0,54453
af4db3e4-2f01-40ce-bb36-c9f1f8b420a1,5414,Worker1,54456.111328125,54466.001220703125,0,54456
af4db3e4-2f01-40ce-bb36-c9f1f8b420a1,5415,Worker1,54457.105224609375,54472.001220703125,0,54457
af4db3e4-2f01-40ce-bb36-c9f1f8b420a1,5416,Worker1,54487.1572265625,54498.001220703125,0,54487
af4db3e4-2f01-40ce-bb36-c9f1f8b420a1,5417,Worker1,54491.13330078125,54502.001220703125,0,54491
af4db3e4-2f01-40ce-bb36-c9f1f8b420a1,5418,Worker1,54493.104248046875,54507.001220703125,0,54493
af4db3e4-2f01-40ce-bb36-c9f1f8b420a1,5419,Worker1,54501.185302734375,54521.001220703125,0,54501
af4db3e4-2f01-40ce-bb36-c9f1f8b420a1,5420,Worker1,54523.34814453125,54534.001220703125,0,54523
af4db3e4-2f01-40ce-bb36-c9f1f8b420a1,5421,Worker1,54537.360107421875,54553.001220703125,0,54537
af4db3e4-2f01-40ce-bb36-c9f1f8b420a1,5422,Worker1,54546.339111328125,54559.001220703125,0,54546
af4db3e4-2f01-40ce-bb36-c9f1f8b420a1,5423,Worker1,54552.21826171875,54565.001220703125,0,54552
af4db3e4-2f01-40ce-bb36-c9f1f8b420a1,5424,Worker1,54556.1171875,54570.001220703125,0,54556
af4db3e4-2f01-40ce-bb36-c9f1f8b420a1,5425,Worker1,54558.1123046875,54570.001220703125,0,54558
af4db3e4-2f01-40ce-bb36-c9f1f8b420a1,5426,Worker1,54566.17333984375,54576.001220703125,0,54566
af4db3e4-2f01-40ce-bb36-c9f1f8b420a1,5427,Worker1,54589.339111328125,54602.001220703125,0,54589
af4db3e4-2f01-40ce-bb36-c9f1f8b420a1,5428,Worker1,54603.26123046875,54616.001220703125,0,54603
af4db3e4-2f01-40ce-bb36-c9f1f8b420a1,5429,Worker1,54613.168212890625,54623.001220703125,0,54613
af4db3e4-2f01-40ce-bb36-c9f1f8b420a1,5430,Worker1,54619.154296875,54630.001220703125,0,54619
af4db3e4-2f01-40ce-bb36-c9f1f8b420a1,5431,Worker1,54637.3291015625,54649.001220703125,0,54637
af4db3e4-2f01-40ce-bb36-c9f1f8b420a1,5432,Worker1,54639.115234375,54653.001220703125,0,54639
af4db3e4-2f01-40ce-bb36-c9f1f8b420a1,5433,Worker1,54647.193115234375,54660.001220703125,0,54647
af4db3e4-2f01-40ce-bb36-c9f1f8b420a1,5434,Worker1,54652.25927734375,54663.001220703125,0,54652
af4db3e4-2f01-40ce-bb36-c9f1f8b420a1,5435,Worker1,54666.158203125,54678.001220703125,0,54666
af4db3e4-2f01-40ce-bb36-c9f1f8b420a1,5436,Worker1,54667.101318359375,54683.001220703125,0,54667
af4db3e4-2f01-40ce-bb36-c9f1f8b420a1,5437,Worker1,54705.227294921875,54723.001220703125,0,54705
af4db3e4-2f01-40ce-bb36-c9f1f8b420a1,5438,Worker1,54709.108154296875,54722.001220703125,0,54709
af4db3e4-2f01-40ce-bb36-c9f1f8b420a1,5439,Worker1,54711.1123046875,54725.001220703125,0,54711
af4db3e4-2f01-40ce-bb36-c9f1f8b420a1,5440,Worker1,54719.2421875,54729.001220703125,0,54719
af4db3e4-2f01-40ce-bb36-c9f1f8b420a1,5441,Worker1,54724.172119140625,54736.001220703125,0,54724
af4db3e4-2f01-40ce-bb36-c9f1f8b420a1,5442,Worker1,54739.3271484375,54763.001220703125,0,54739
af4db3e4-2f01-40ce-bb36-c9f1f8b420a1,5443,Worker1,54749.105224609375,54760.001220703125,0,54749
af4db3e4-2f01-40ce-bb36-c9f1f8b420a1,5444,Worker1,54791.252197265625,54802.001220703125,0,54791
af4db3e4-2f01-40ce-bb36-c9f1f8b420a1,5445,Worker1,54795.1982421875,54805.001220703125,0,54795
af4db3e4-2f01-40ce-bb36-c9f1f8b420a1,5446,Worker1,54807.1142578125,54821.001220703125,0,54807
af4db3e4-2f01-40ce-bb36-c9f1f8b420a1,5447,Worker1,54815.144287109375,54830.001220703125,0,54815
af4db3e4-2f01-40ce-bb36-c9f1f8b420a1,5448,Worker1,54820.1123046875,54832.001220703125,0,54820
af4db3e4-2f01-40ce-bb36-c9f1f8b420a1,5449,Worker1,54823.22119140625,54836.001220703125,0,54823
af4db3e4-2f01-40ce-bb36-c9f1f8b420a1,5450,Worker1,54833.2451171875,54846.001220703125,0,54833
af4db3e4-2f01-40ce-bb36-c9f1f8b420a1,5451,Worker1,54891.232177734375,54903.001220703125,0,54891
af4db3e4-2f01-40ce-bb36-c9f1f8b420a1,5452,Worker1,54910.190185546875,54920.001220703125,0,54910
af4db3e4-2f01-40ce-bb36-c9f1f8b420a1,5453,Worker1,54912.25927734375,54925.001220703125,0,54912
af4db3e4-2f01-40ce-bb36-c9f1f8b420a1,5454,Worker1,54913.104248046875,54928.001220703125,0,54913
af4db3e4-2f01-40ce-bb36-c9f1f8b420a1,5455,Worker1,54919.292236328125,54928.001220703125,0,54919
af4db3e4-2f01-40ce-bb36-c9f1f8b420a1,5456,Worker1,54922.121337890625,54935.001220703125,0,54922
af4db3e4-2f01-40ce-bb36-c9f1f8b420a1,5457,Worker1,54924.124267578125,54983.001220703125,0,54924
af4db3e4-2f01-40ce-bb36-c9f1f8b420a1,5458,Worker1,54924.111328125,54933.001220703125,0,54924
af4db3e4-2f01-40ce-bb36-c9f1f8b420a1,5459,Worker1,54928.1171875,54940.001220703125,0,54928
af4db3e4-2f01-40ce-bb36-c9f1f8b420a1,5460,Worker1,54941.297119140625,54953.001220703125,0,54941
af4db3e4-2f01-40ce-bb36-c9f1f8b420a1,5461,Worker1,54950.1572265625,54961.001220703125,0,54950
af4db3e4-2f01-40ce-bb36-c9f1f8b420a1,5462,Worker1,54978.18212890625,54989.001220703125,0,54978
af4db3e4-2f01-40ce-bb36-c9f1f8b420a1,5463,Worker1,54981.34326171875,54992.001220703125,0,54981
af4db3e4-2f01-40ce-bb36-c9f1f8b420a1,5464,Worker1,54983.1142578125,54993.001220703125,0,54983
af4db3e4-2f01-40ce-bb36-c9f1f8b420a1,5465,Worker1,54983.124267578125,54998.001220703125,0,54983
af4db3e4-2f01-40ce-bb36-c9f1f8b420a1,5466,Worker1,54988.1953125,55000.001220703125,0,54988
af4db3e4-2f01-40ce-bb36-c9f1f8b420a1,5467,Worker1,55001.102294921875,55012.001220703125,0,55001
af4db3e4-2f01-40ce-bb36-c9f1f8b420a1,5468,Worker1,55010.21826171875,55023.001220703125,0,55010
af4db3e4-2f01-40ce-bb36-c9f1f8b420a1,5469,Worker1,55016.1962890625,55028.001220703125,0,55016
af4db3e4-2f01-40ce-bb36-c9f1f8b420a1,5470,Worker1,55032.240234375,55043.001220703125,0,55032
af4db3e4-2f01-40ce-bb36-c9f1f8b420a1,5472,Worker1,55043.4072265625,55060.001220703125,0,55043
af4db3e4-2f01-40ce-bb36-c9f1f8b420a1,5471,Worker1,55043.227294921875,55052.001220703125,0,55043
af4db3e4-2f01-40ce-bb36-c9f1f8b420a1,5473,Worker1,55048.103271484375,55059.001220703125,0,55048
af4db3e4-2f01-40ce-bb36-c9f1f8b420a1,5474,Worker1,55051.115234375,55063.001220703125,0,55051
af4db3e4-2f01-40ce-bb36-c9f1f8b420a1,5475,Worker1,55052.089111328125,55064.001220703125,0,55052
af4db3e4-2f01-40ce-bb36-c9f1f8b420a1,5476,Worker1,55058.111328125,55069.001220703125,0,55058
af4db3e4-2f01-40ce-bb36-c9f1f8b420a1,5477,Worker1,55075.292236328125,55086.001220703125,0,55075
af4db3e4-2f01-40ce-bb36-c9f1f8b420a1,5478,Worker1,55086.13330078125,55098.001220703125,0,55086
af4db3e4-2f01-40ce-bb36-c9f1f8b420a1,5479,Worker1,55094.197265625,55106.001220703125,0,55094
af4db3e4-2f01-40ce-bb36-c9f1f8b420a1,5480,Worker1,55099.18310546875,55115.001220703125,0,55099
af4db3e4-2f01-40ce-bb36-c9f1f8b420a1,5481,Worker1,55113.13427734375,55124.001220703125,0,55113
af4db3e4-2f01-40ce-bb36-c9f1f8b420a1,5482,Worker1,55114.09033203125,55127.001220703125,0,55114
af4db3e4-2f01-40ce-bb36-c9f1f8b420a1,5483,Worker1,55120.163330078125,55130.001220703125,0,55120
af4db3e4-2f01-40ce-bb36-c9f1f8b420a1,5484,Worker1,55124.193115234375,55136.001220703125,0,55124
af4db3e4-2f01-40ce-bb36-c9f1f8b420a1,5486,Worker1,55126.109130859375,55151.001220703125,0,55126
af4db3e4-2f01-40ce-bb36-c9f1f8b420a1,5485,Worker1,55126.108154296875,55137.001220703125,0,55126
af4db3e4-2f01-40ce-bb36-c9f1f8b420a1,5487,Worker1,55149.1123046875,55162.001220703125,0,55149
af4db3e4-2f01-40ce-bb36-c9f1f8b420a1,5488,Worker1,55152.1943359375,55165.001220703125,0,55152
af4db3e4-2f01-40ce-bb36-c9f1f8b420a1,5489,Worker1,55161.17919921875,55175.001220703125,0,55161
af4db3e4-2f01-40ce-bb36-c9f1f8b420a1,5490,Worker1,55198.292236328125,55217.001220703125,0,55198
af4db3e4-2f01-40ce-bb36-c9f1f8b420a1,5491,Worker1,55216.2431640625,55229.001220703125,0,55216
af4db3e4-2f01-40ce-bb36-c9f1f8b420a1,5492,Worker1,55218.09716796875,55232.001220703125,0,55218
af4db3e4-2f01-40ce-bb36-c9f1f8b420a1,5493,Worker1,55226.1591796875,55238.001220703125,0,55226
af4db3e4-2f01-40ce-bb36-c9f1f8b420a1,5494,Worker1,55231.201171875,55243.001220703125,0,55231
af4db3e4-2f01-40ce-bb36-c9f1f8b420a1,5495,Worker1,55246.25732421875,55286.001220703125,0,55246
af4db3e4-2f01-40ce-bb36-c9f1f8b420a1,5496,Worker1,55247.103271484375,55258.001220703125,0,55247
af4db3e4-2f01-40ce-bb36-c9f1f8b420a1,5497,Worker1,55254.165283203125,55264.001220703125,0,55254
af4db3e4-2f01-40ce-bb36-c9f1f8b420a1,5498,Worker1,55258.121337890625,55269.001220703125,0,55258
af4db3e4-2f01-40ce-bb36-c9f1f8b420a1,5499,Worker1,55260.111328125,55271.001220703125,0,55260
af4db3e4-2f01-40ce-bb36-c9f1f8b420a1,5500,Worker1,55268.147216796875,55279.001220703125,0,55268
af4db3e4-2f01-40ce-bb36-c9f1f8b420a1,5501,Worker1,55273.25927734375,55287.001220703125,0,55273
af4db3e4-2f01-40ce-bb36-c9f1f8b420a1,5502,Worker1,55288.2021484375,55300.001220703125,0,55288
af4db3e4-2f01-40ce-bb36-c9f1f8b420a1,5503,Worker1,55289.104248046875,55299.001220703125,0,55289
af4db3e4-2f01-40ce-bb36-c9f1f8b420a1,5504,Worker1,55335.152099609375,55345.001220703125,0,55335
af4db3e4-2f01-40ce-bb36-c9f1f8b420a1,5505,Worker1,55354.185302734375,55364.001220703125,0,55354
af4db3e4-2f01-40ce-bb36-c9f1f8b420a1,5506,Worker1,55366.30224609375,55380.001220703125,0,55366
af4db3e4-2f01-40ce-bb36-c9f1f8b420a1,5507,Worker1,55374.287109375,55385.001220703125,0,55374
af4db3e4-2f01-40ce-bb36-c9f1f8b420a1,5508,Worker1,55399.34130859375,55417.001220703125,0,55399
af4db3e4-2f01-40ce-bb36-c9f1f8b420a1,5509,Worker1,55414.21923828125,55426.001220703125,0,55414
af4db3e4-2f01-40ce-bb36-c9f1f8b420a1,5510,Worker1,55424.317138671875,55437.001220703125,0,55424
af4db3e4-2f01-40ce-bb36-c9f1f8b420a1,5511,Worker1,55424.502197265625,55434.001220703125,0,55424
af4db3e4-2f01-40ce-bb36-c9f1f8b420a1,5512,Worker1,55443.225341796875,55458.001220703125,0,55443
af4db3e4-2f01-40ce-bb36-c9f1f8b420a1,5513,Worker1,55445.1123046875,55456.001220703125,0,55445
af4db3e4-2f01-40ce-bb36-c9f1f8b420a1,5514,Worker1,55446.108154296875,55455.001220703125,0,55446
af4db3e4-2f01-40ce-bb36-c9f1f8b420a1,5515,Worker1,55473.212158203125,55484.001220703125,0,55473
af4db3e4-2f01-40ce-bb36-c9f1f8b420a1,5516,Worker1,55489.124267578125,55503.001220703125,0,55489
af4db3e4-2f01-40ce-bb36-c9f1f8b420a1,5517,Worker1,55491.111328125,55502.001220703125,0,55491
af4db3e4-2f01-40ce-bb36-c9f1f8b420a1,5518,Worker1,55498.256103515625,55511.001220703125,0,55498
af4db3e4-2f01-40ce-bb36-c9f1f8b420a1,5519,Worker1,55503.13818359375,55515.001220703125,0,55503
af4db3e4-2f01-40ce-bb36-c9f1f8b420a1,5520,Worker1,55505.1162109375,55517.001220703125,0,55505
af4db3e4-2f01-40ce-bb36-c9f1f8b420a1,5521,Worker1,55506.09033203125,55531.001220703125,0,55506
af4db3e4-2f01-40ce-bb36-c9f1f8b420a1,5522,Worker1,55534.15625,55548.001220703125,0,55534
af4db3e4-2f01-40ce-bb36-c9f1f8b420a1,5523,Worker1,55538.22216796875,55550.001220703125,0,55538
af4db3e4-2f01-40ce-bb36-c9f1f8b420a1,5524,Worker1,55540.1162109375,55553.001220703125,0,55540
af4db3e4-2f01-40ce-bb36-c9f1f8b420a1,5525,Worker1,55547.147216796875,55558.001220703125,0,55547
af4db3e4-2f01-40ce-bb36-c9f1f8b420a1,5526,Worker1,55568.126220703125,55580.001220703125,0,55568
af4db3e4-2f01-40ce-bb36-c9f1f8b420a1,5527,Worker1,55571.14111328125,55582.001220703125,0,55571
af4db3e4-2f01-40ce-bb36-c9f1f8b420a1,5528,Worker1,55580.107177734375,55594.001220703125,0,55580
af4db3e4-2f01-40ce-bb36-c9f1f8b420a1,5529,Worker1,55610.17431640625,55622.001220703125,0,55610
af4db3e4-2f01-40ce-bb36-c9f1f8b420a1,5530,Worker1,55626.248291015625,55638.001220703125,0,55626
af4db3e4-2f01-40ce-bb36-c9f1f8b420a1,5531,Worker1,55637.19921875,55650.001220703125,0,55637
af4db3e4-2f01-40ce-bb36-c9f1f8b420a1,5532,Worker1,55644.13916015625,55653.001220703125,0,55644
af4db3e4-2f01-40ce-bb36-c9f1f8b420a1,5533,Worker1,55666.144287109375,55678.001220703125,0,55666
af4db3e4-2f01-40ce-bb36-c9f1f8b420a1,5534,Worker1,55669.125244140625,55681.001220703125,0,55669
af4db3e4-2f01-40ce-bb36-c9f1f8b420a1,5535,Worker1,55678.269287109375,55688.001220703125,0,55678
af4db3e4-2f01-40ce-bb36-c9f1f8b420a1,5536,Worker1,55711.318115234375,55735.001220703125,0,55711
af4db3e4-2f01-40ce-bb36-c9f1f8b420a1,5537,Worker1,55715.1953125,55730.001220703125,0,55715
af4db3e4-2f01-40ce-bb36-c9f1f8b420a1,5538,Worker1,55717.115234375,55729.001220703125,0,55717
af4db3e4-2f01-40ce-bb36-c9f1f8b420a1,5539,Worker1,55725.353271484375,55736.001220703125,0,55725
af4db3e4-2f01-40ce-bb36-c9f1f8b420a1,5540,Worker1,55730.197265625,55748.001220703125,0,55730
af4db3e4-2f01-40ce-bb36-c9f1f8b420a1,5541,Worker1,55744.13427734375,55755.001220703125,0,55744
af4db3e4-2f01-40ce-bb36-c9f1f8b420a1,5542,Worker1,55745.09423828125,55757.001220703125,0,55745
af4db3e4-2f01-40ce-bb36-c9f1f8b420a1,5543,Worker1,55751.184326171875,55763.001220703125,0,55751
af4db3e4-2f01-40ce-bb36-c9f1f8b420a1,5544,Worker1,55755.252197265625,55765.001220703125,0,55755
af4db3e4-2f01-40ce-bb36-c9f1f8b420a1,5546,Worker1,55766.28125,55776.001220703125,0,55766
af4db3e4-2f01-40ce-bb36-c9f1f8b420a1,5545,Worker1,55766.127197265625,55777.001220703125,0,55766
af4db3e4-2f01-40ce-bb36-c9f1f8b420a1,5547,Worker1,55789.122314453125,55815.001220703125,0,55789
af4db3e4-2f01-40ce-bb36-c9f1f8b420a1,5548,Worker1,55803.1943359375,55815.001220703125,0,55803
af4db3e4-2f01-40ce-bb36-c9f1f8b420a1,5549,Worker1,55804.09716796875,55814.001220703125,0,55804
af4db3e4-2f01-40ce-bb36-c9f1f8b420a1,5550,Worker1,55841.1611328125,55852.001220703125,0,55841
af4db3e4-2f01-40ce-bb36-c9f1f8b420a1,5551,Worker1,55845.30810546875,55944.001220703125,0,55845
af4db3e4-2f01-40ce-bb36-c9f1f8b420a1,5552,Worker1,55857.15625,55870.001220703125,0,55857
af4db3e4-2f01-40ce-bb36-c9f1f8b420a1,5553,Worker1,55865.2041015625,55878.001220703125,0,55865
af4db3e4-2f01-40ce-bb36-c9f1f8b420a1,5554,Worker1,55870.124267578125,55882.001220703125,0,55870
af4db3e4-2f01-40ce-bb36-c9f1f8b420a1,5555,Worker1,55873.2783203125,55886.001220703125,0,55873
af4db3e4-2f01-40ce-bb36-c9f1f8b420a1,5556,Worker1,55874.09716796875,55889.001220703125,0,55874
af4db3e4-2f01-40ce-bb36-c9f1f8b420a1,5557,Worker1,55916.268310546875,55927.001220703125,0,55916
af4db3e4-2f01-40ce-bb36-c9f1f8b420a1,5558,Worker1,55920.1162109375,55933.001220703125,0,55920
af4db3e4-2f01-40ce-bb36-c9f1f8b420a1,5559,Worker1,55922.102294921875,55937.001220703125,0,55922
af4db3e4-2f01-40ce-bb36-c9f1f8b420a1,5560,Worker1,55930.13232421875,55942.001220703125,0,55930
af4db3e4-2f01-40ce-bb36-c9f1f8b420a1,5561,Worker1,55935.18310546875,55946.001220703125,0,55935
af4db3e4-2f01-40ce-bb36-c9f1f8b420a1,5562,Worker1,55938.25927734375,55952.001220703125,0,55938
af4db3e4-2f01-40ce-bb36-c9f1f8b420a1,5563,Worker1,55948.1982421875,55960.001220703125,0,55948
af4db3e4-2f01-40ce-bb36-c9f1f8b420a1,5564,Worker1,56004.13330078125,56017.001220703125,0,56004
af4db3e4-2f01-40ce-bb36-c9f1f8b420a1,5565,Worker1,56023.291259765625,56036.001220703125,0,56023
af4db3e4-2f01-40ce-bb36-c9f1f8b420a1,5566,Worker1,56039.290283203125,56051.001220703125,0,56039
af4db3e4-2f01-40ce-bb36-c9f1f8b420a1,5567,Worker1,56041.110107421875,56054.001220703125,0,56041
af4db3e4-2f01-40ce-bb36-c9f1f8b420a1,5568,Worker1,56048.18212890625,56062.001220703125,0,56048
af4db3e4-2f01-40ce-bb36-c9f1f8b420a1,5569,Worker1,56053.26416015625,56064.001220703125,0,56053
af4db3e4-2f01-40ce-bb36-c9f1f8b420a1,5570,Worker1,56066.147216796875,56097.001220703125,0,56066
af4db3e4-2f01-40ce-bb36-c9f1f8b420a1,5571,Worker1,56075.154296875,56087.001220703125,0,56075
af4db3e4-2f01-40ce-bb36-c9f1f8b420a1,5572,Worker1,56104.13232421875,56125.001220703125,0,56104
af4db3e4-2f01-40ce-bb36-c9f1f8b420a1,5573,Worker1,56120.251220703125,56130.001220703125,0,56120
af4db3e4-2f01-40ce-bb36-c9f1f8b420a1,5574,Worker1,56122.1123046875,56133.001220703125,0,56122
af4db3e4-2f01-40ce-bb36-c9f1f8b420a1,5575,Worker1,56122.3203125,56151.001220703125,0,56122
af4db3e4-2f01-40ce-bb36-c9f1f8b420a1,5576,Worker1,56143.1171875,56152.001220703125,0,56143
af4db3e4-2f01-40ce-bb36-c9f1f8b420a1,5577,Worker1,56156.1982421875,56177.001220703125,0,56156
af4db3e4-2f01-40ce-bb36-c9f1f8b420a1,5578,Worker1,56157.101318359375,56168.001220703125,0,56157
af4db3e4-2f01-40ce-bb36-c9f1f8b420a1,5579,Worker1,56187.1552734375,56199.001220703125,0,56187
af4db3e4-2f01-40ce-bb36-c9f1f8b420a1,5580,Worker1,56191.130126953125,56202.001220703125,0,56191
af4db3e4-2f01-40ce-bb36-c9f1f8b420a1,5581,Worker1,56193.109130859375,56204.001220703125,0,56193
af4db3e4-2f01-40ce-bb36-c9f1f8b420a1,5582,Worker1,56200.127197265625,56213.001220703125,0,56200
af4db3e4-2f01-40ce-bb36-c9f1f8b420a1,5583,Worker1,56222.295166015625,56237.001220703125,0,56222
af4db3e4-2f01-40ce-bb36-c9f1f8b420a1,5584,Worker1,56225.108154296875,56235.001220703125,0,56225
af4db3e4-2f01-40ce-bb36-c9f1f8b420a1,5585,Worker1,56226.09912109375,56237.001220703125,0,56226
af4db3e4-2f01-40ce-bb36-c9f1f8b420a1,5586,Worker1,56259.2021484375,56283.001220703125,0,56259
af4db3e4-2f01-40ce-bb36-c9f1f8b420a1,5587,Worker1,56276.26123046875,56287.001220703125,0,56276
af4db3e4-2f01-40ce-bb36-c9f1f8b420a1,5588,Worker1,56278.111328125,56318.001220703125,0,56278
af4db3e4-2f01-40ce-bb36-c9f1f8b420a1,5589,Worker1,56286.13427734375,56297.001220703125,0,56286
af4db3e4-2f01-40ce-bb36-c9f1f8b420a1,5590,Worker1,56309.212158203125,56321.001220703125,0,56309
af4db3e4-2f01-40ce-bb36-c9f1f8b420a1,5591,Worker1,56312.166259765625,56324.001220703125,0,56312
af4db3e4-2f01-40ce-bb36-c9f1f8b420a1,5592,Worker1,56321.2001953125,56331.001220703125,0,56321
af4db3e4-2f01-40ce-bb36-c9f1f8b420a1,5593,Worker1,56327.17919921875,56340.001220703125,0,56327
af4db3e4-2f01-40ce-bb36-c9f1f8b420a1,5594,Worker1,56345.129150390625,56358.001220703125,0,56345
af4db3e4-2f01-40ce-bb36-c9f1f8b420a1,5596,Worker1,56347.289306640625,56363.001220703125,0,56347
af4db3e4-2f01-40ce-bb36-c9f1f8b420a1,5595,Worker1,56347.09912109375,56359.001220703125,0,56347
af4db3e4-2f01-40ce-bb36-c9f1f8b420a1,5597,Worker1,56352.21826171875,56362.001220703125,0,56352
af4db3e4-2f01-40ce-bb36-c9f1f8b420a1,5598,Worker1,56366.13720703125,56379.001220703125,0,56366
af4db3e4-2f01-40ce-bb36-c9f1f8b420a1,5599,Worker1,56376.18017578125,56388.001220703125,0,56376
af4db3e4-2f01-40ce-bb36-c9f1f8b420a1,5600,Worker1,56382.09912109375,56391.001220703125,0,56382
af4db3e4-2f01-40ce-bb36-c9f1f8b420a1,5601,Worker1,56386.17919921875,56420.001220703125,0,56386
af4db3e4-2f01-40ce-bb36-c9f1f8b420a1,5602,Worker1,56388.111328125,56403.001220703125,0,56388
af4db3e4-2f01-40ce-bb36-c9f1f8b420a1,5603,Worker1,56389.09619140625,56404.001220703125,0,56389
af4db3e4-2f01-40ce-bb36-c9f1f8b420a1,5604,Worker1,56394.142333984375,56404.001220703125,0,56394
af4db3e4-2f01-40ce-bb36-c9f1f8b420a1,5605,Worker1,56409.197265625,56422.001220703125,0,56409
af4db3e4-2f01-40ce-bb36-c9f1f8b420a1,5606,Worker1,56419.21533203125,56432.001220703125,0,56419
af4db3e4-2f01-40ce-bb36-c9f1f8b420a1,5607,Worker1,56466.18212890625,56484.001220703125,0,56466
af4db3e4-2f01-40ce-bb36-c9f1f8b420a1,5608,Worker1,56485.252197265625,56512.001220703125,0,56485
af4db3e4-2f01-40ce-bb36-c9f1f8b420a1,5609,Worker1,56497.1943359375,56509.001220703125,0,56497
af4db3e4-2f01-40ce-bb36-c9f1f8b420a1,5610,Worker1,56498.105224609375,56510.001220703125,0,56498
af4db3e4-2f01-40ce-bb36-c9f1f8b420a1,5611,Worker1,56503.17919921875,56516.001220703125,0,56503
af4db3e4-2f01-40ce-bb36-c9f1f8b420a1,5612,Worker1,56518.211181640625,56528.001220703125,0,56518
af4db3e4-2f01-40ce-bb36-c9f1f8b420a1,5613,Worker1,56528.121337890625,56539.001220703125,0,56528
af4db3e4-2f01-40ce-bb36-c9f1f8b420a1,5614,Worker1,56535.236328125,56548.001220703125,0,56535
af4db3e4-2f01-40ce-bb36-c9f1f8b420a1,5615,Worker1,56539.311279296875,56563.001220703125,0,56539
af4db3e4-2f01-40ce-bb36-c9f1f8b420a1,5616,Worker1,56541.107177734375,56553.001220703125,0,56541
af4db3e4-2f01-40ce-bb36-c9f1f8b420a1,5617,Worker1,56549.109130859375,56562.001220703125,0,56549
af4db3e4-2f01-40ce-bb36-c9f1f8b420a1,5618,Worker1,56555.21728515625,56566.001220703125,0,56555
af4db3e4-2f01-40ce-bb36-c9f1f8b420a1,5619,Worker1,56558.16015625,56613.001220703125,0,56558
af4db3e4-2f01-40ce-bb36-c9f1f8b420a1,5620,Worker1,56560.09130859375,56570.001220703125,0,56560
af4db3e4-2f01-40ce-bb36-c9f1f8b420a1,5621,Worker1,56567.314208984375,56579.001220703125,0,56567
af4db3e4-2f01-40ce-bb36-c9f1f8b420a1,5622,Worker1,56572.1552734375,56585.001220703125,0,56572
af4db3e4-2f01-40ce-bb36-c9f1f8b420a1,5623,Worker1,56585.14111328125,56598.001220703125,0,56585
af4db3e4-2f01-40ce-bb36-c9f1f8b420a1,5624,Worker1,56594.129150390625,56603.001220703125,0,56594
af4db3e4-2f01-40ce-bb36-c9f1f8b420a1,5625,Worker1,56622.119140625,56643.001220703125,0,56622
af4db3e4-2f01-40ce-bb36-c9f1f8b420a1,5626,Worker1,56638.289306640625,56652.001220703125,0,56638
af4db3e4-2f01-40ce-bb36-c9f1f8b420a1,5627,Worker1,56649.109130859375,56659.001220703125,0,56649
af4db3e4-2f01-40ce-bb36-c9f1f8b420a1,5628,Worker1,56649.283203125,56660.001220703125,0,56649
af4db3e4-2f01-40ce-bb36-c9f1f8b420a1,5629,Worker1,56669.1953125,56693.001220703125,0,56669
af4db3e4-2f01-40ce-bb36-c9f1f8b420a1,5630,Worker1,56672.121337890625,56686.001220703125,0,56672
af4db3e4-2f01-40ce-bb36-c9f1f8b420a1,5631,Worker1,56673.111328125,56684.001220703125,0,56673
af4db3e4-2f01-40ce-bb36-c9f1f8b420a1,5632,Worker1,56703.246337890625,56723.001220703125,0,56703
af4db3e4-2f01-40ce-bb36-c9f1f8b420a1,5633,Worker1,56707.1552734375,56720.001220703125,0,56707
af4db3e4-2f01-40ce-bb36-c9f1f8b420a1,5634,Worker1,56718.1201171875,56735.001220703125,0,56718
af4db3e4-2f01-40ce-bb36-c9f1f8b420a1,5635,Worker1,56725.1962890625,56736.001220703125,0,56725
af4db3e4-2f01-40ce-bb36-c9f1f8b420a1,5636,Worker1,56746.249267578125,56781.001220703125,0,56746
af4db3e4-2f01-40ce-bb36-c9f1f8b420a1,5637,Worker1,56759.22021484375,56771.001220703125,0,56759
af4db3e4-2f01-40ce-bb36-c9f1f8b420a1,5638,Worker1,56768.162109375,56780.001220703125,0,56768
af4db3e4-2f01-40ce-bb36-c9f1f8b420a1,5639,Worker1,56774.21533203125,56787.001220703125,0,56774
af4db3e4-2f01-40ce-bb36-c9f1f8b420a1,5640,Worker1,56791.147216796875,56806.001220703125,0,56791
af4db3e4-2f01-40ce-bb36-c9f1f8b420a1,5641,Worker1,56793.169189453125,56805.001220703125,0,56793
af4db3e4-2f01-40ce-bb36-c9f1f8b420a1,5642,Worker1,56800.128173828125,56812.001220703125,0,56800
af4db3e4-2f01-40ce-bb36-c9f1f8b420a1,5643,Worker1,56822.150146484375,56835.001220703125,0,56822
af4db3e4-2f01-40ce-bb36-c9f1f8b420a1,5644,Worker1,56836.172119140625,56857.001220703125,0,56836
af4db3e4-2f01-40ce-bb36-c9f1f8b420a1,5645,Worker1,56845.1171875,56857.001220703125,0,56845
af4db3e4-2f01-40ce-bb36-c9f1f8b420a1,5646,Worker1,56878.1953125,56903.001220703125,0,56878
af4db3e4-2f01-40ce-bb36-c9f1f8b420a1,5647,Worker1,56882.2822265625,56894.001220703125,0,56882
af4db3e4-2f01-40ce-bb36-c9f1f8b420a1,5648,Worker1,56893.394287109375,56908.001220703125,0,56893
af4db3e4-2f01-40ce-bb36-c9f1f8b420a1,5649,Worker1,56893.211181640625,56905.001220703125,0,56893
af4db3e4-2f01-40ce-bb36-c9f1f8b420a1,5650,Worker1,56898.146240234375,56912.001220703125,0,56898
af4db3e4-2f01-40ce-bb36-c9f1f8b420a1,5651,Worker1,56912.147216796875,56923.001220703125,0,56912
af4db3e4-2f01-40ce-bb36-c9f1f8b420a1,5652,Worker1,56922.22412109375,56934.001220703125,0,56922
af4db3e4-2f01-40ce-bb36-c9f1f8b420a1,5653,Worker1,56959.25927734375,56971.001220703125,0,56959
af4db3e4-2f01-40ce-bb36-c9f1f8b420a1,5654,Worker1,56963.150146484375,56975.001220703125,0,56963
af4db3e4-2f01-40ce-bb36-c9f1f8b420a1,5655,Worker1,56965.110107421875,56976.001220703125,0,56965
af4db3e4-2f01-40ce-bb36-c9f1f8b420a1,5656,Worker1,56973.192138671875,56984.001220703125,0,56973
af4db3e4-2f01-40ce-bb36-c9f1f8b420a1,5657,Worker1,56997.317138671875,57010.001220703125,0,56997
af4db3e4-2f01-40ce-bb36-c9f1f8b420a1,5658,Worker1,57011.277099609375,57022.001220703125,0,57011
af4db3e4-2f01-40ce-bb36-c9f1f8b420a1,5659,Worker1,57012.1142578125,57026.001220703125,0,57012
af4db3e4-2f01-40ce-bb36-c9f1f8b420a1,5660,Worker1,57052.244140625,57063.001220703125,0,57052
af4db3e4-2f01-40ce-bb36-c9f1f8b420a1,5661,Worker1,57056.13916015625,57072.001220703125,0,57056
af4db3e4-2f01-40ce-bb36-c9f1f8b420a1,5662,Worker1,57068.124267578125,57095.001220703125,0,57068
af4db3e4-2f01-40ce-bb36-c9f1f8b420a1,5663,Worker1,57076.256103515625,57087.001220703125,0,57076
af4db3e4-2f01-40ce-bb36-c9f1f8b420a1,5664,Worker1,57100.17626953125,57113.001220703125,0,57100
af4db3e4-2f01-40ce-bb36-c9f1f8b420a1,5665,Worker1,57103.15625,57116.001220703125,0,57103
af4db3e4-2f01-40ce-bb36-c9f1f8b420a1,5666,Worker1,57113.146240234375,57124.001220703125,0,57113
af4db3e4-2f01-40ce-bb36-c9f1f8b420a1,5667,Worker1,57120.131103515625,57132.001220703125,0,57120
af4db3e4-2f01-40ce-bb36-c9f1f8b420a1,5668,Worker1,57139.127197265625,57149.001220703125,0,57139
af4db3e4-2f01-40ce-bb36-c9f1f8b420a1,5669,Worker1,57141.103271484375,57155.001220703125,0,57141
af4db3e4-2f01-40ce-bb36-c9f1f8b420a1,5670,Worker1,57149.119140625,57170.001220703125,0,57149
af4db3e4-2f01-40ce-bb36-c9f1f8b420a1,5671,Worker1,57154.226318359375,57165.001220703125,0,57154
af4db3e4-2f01-40ce-bb36-c9f1f8b420a1,5672,Worker1,57169.297119140625,57195.001220703125,0,57169
af4db3e4-2f01-40ce-bb36-c9f1f8b420a1,5673,Worker1,57171.09033203125,57185.001220703125,0,57171
af4db3e4-2f01-40ce-bb36-c9f1f8b420a1,5674,Worker1,57178.26416015625,57188.001220703125,0,57178
af4db3e4-2f01-40ce-bb36-c9f1f8b420a1,5675,Worker1,57197.13916015625,57209.001220703125,0,57197
af4db3e4-2f01-40ce-bb36-c9f1f8b420a1,5676,Worker1,57210.165283203125,57224.001220703125,0,57210
af4db3e4-2f01-40ce-bb36-c9f1f8b420a1,5677,Worker1,57219.09912109375,57243.001220703125,0,57219
af4db3e4-2f01-40ce-bb36-c9f1f8b420a1,5678,Worker1,57225.225341796875,57237.001220703125,0,57225
af4db3e4-2f01-40ce-bb36-c9f1f8b420a1,5679,Worker1,57228.121337890625,57240.001220703125,0,57228
af4db3e4-2f01-40ce-bb36-c9f1f8b420a1,5680,Worker1,57230.100341796875,57240.001220703125,0,57230
af4db3e4-2f01-40ce-bb36-c9f1f8b420a1,5681,Worker1,57237.17529296875,57249.001220703125,0,57237
af4db3e4-2f01-40ce-bb36-c9f1f8b420a1,5682,Worker1,57257.244140625,57281.001220703125,0,57257
af4db3e4-2f01-40ce-bb36-c9f1f8b420a1,5683,Worker1,57270.32421875,57283.001220703125,0,57270
af4db3e4-2f01-40ce-bb36-c9f1f8b420a1,5684,Worker1,57279.26611328125,57290.001220703125,0,57279
af4db3e4-2f01-40ce-bb36-c9f1f8b420a1,5685,Worker1,57307.147216796875,57318.001220703125,0,57307
af4db3e4-2f01-40ce-bb36-c9f1f8b420a1,5686,Worker1,57310.188232421875,57333.001220703125,0,57310
af4db3e4-2f01-40ce-bb36-c9f1f8b420a1,5687,Worker1,57312.09619140625,57323.001220703125,0,57312
af4db3e4-2f01-40ce-bb36-c9f1f8b420a1,5688,Worker1,57312.276123046875,57328.001220703125,0,57312
af4db3e4-2f01-40ce-bb36-c9f1f8b420a1,5689,Worker1,57317.09814453125,57343.001220703125,0,57317
af4db3e4-2f01-40ce-bb36-c9f1f8b420a1,5690,Worker1,57320.15625,57330.001220703125,0,57320
af4db3e4-2f01-40ce-bb36-c9f1f8b420a1,5691,Worker1,57329.1142578125,57338.001220703125,0,57329
af4db3e4-2f01-40ce-bb36-c9f1f8b420a1,5692,Worker1,57359.248291015625,57369.001220703125,0,57359
af4db3e4-2f01-40ce-bb36-c9f1f8b420a1,5693,Worker1,57363.291259765625,57374.001220703125,0,57363
af4db3e4-2f01-40ce-bb36-c9f1f8b420a1,5694,Worker1,57365.1142578125,57376.001220703125,0,57365
af4db3e4-2f01-40ce-bb36-c9f1f8b420a1,5695,Worker1,57372.210205078125,57385.001220703125,0,57372
af4db3e4-2f01-40ce-bb36-c9f1f8b420a1,5696,Worker1,57377.212158203125,57389.001220703125,0,57377
af4db3e4-2f01-40ce-bb36-c9f1f8b420a1,5697,Worker1,57391.2412109375,57426.001220703125,0,57391
af4db3e4-2f01-40ce-bb36-c9f1f8b420a1,5698,Worker1,57400.125244140625,57423.001220703125,0,57400
af4db3e4-2f01-40ce-bb36-c9f1f8b420a1,5699,Worker1,57406.188232421875,57419.001220703125,0,57406
af4db3e4-2f01-40ce-bb36-c9f1f8b420a1,5700,Worker1,57410.11328125,57437.001220703125,0,57410
af4db3e4-2f01-40ce-bb36-c9f1f8b420a1,5701,Worker1,57421.277099609375,57432.001220703125,0,57421
af4db3e4-2f01-40ce-bb36-c9f1f8b420a1,5702,Worker1,57429.13818359375,57440.001220703125,0,57429
af4db3e4-2f01-40ce-bb36-c9f1f8b420a1,5703,Worker1,57451.312255859375,57461.001220703125,0,57451
af4db3e4-2f01-40ce-bb36-c9f1f8b420a1,5704,Worker1,57465.131103515625,57478.001220703125,0,57465
af4db3e4-2f01-40ce-bb36-c9f1f8b420a1,5705,Worker1,57466.101318359375,57477.001220703125,0,57466
af4db3e4-2f01-40ce-bb36-c9f1f8b420a1,5706,Worker1,57472.2451171875,57485.001220703125,0,57472
af4db3e4-2f01-40ce-bb36-c9f1f8b420a1,5707,Worker1,57489.1181640625,57501.001220703125,0,57489
af4db3e4-2f01-40ce-bb36-c9f1f8b420a1,5708,Worker1,57491.110107421875,57501.001220703125,0,57491
af4db3e4-2f01-40ce-bb36-c9f1f8b420a1,5709,Worker1,57491.26025390625,57503.001220703125,0,57491
af4db3e4-2f01-40ce-bb36-c9f1f8b420a1,5710,Worker1,57496.191162109375,57508.001220703125,0,57496
af4db3e4-2f01-40ce-bb36-c9f1f8b420a1,5711,Worker1,57510.227294921875,57524.001220703125,0,57510
af4db3e4-2f01-40ce-bb36-c9f1f8b420a1,5712,Worker1,57511.104248046875,57521.001220703125,0,57511
af4db3e4-2f01-40ce-bb36-c9f1f8b420a1,5713,Worker1,57518.276123046875,57534.001220703125,0,57518
af4db3e4-2f01-40ce-bb36-c9f1f8b420a1,5714,Worker1,57536.14013671875,57547.001220703125,0,57536
af4db3e4-2f01-40ce-bb36-c9f1f8b420a1,5715,Worker1,57538.119140625,57548.001220703125,0,57538
af4db3e4-2f01-40ce-bb36-c9f1f8b420a1,5716,Worker1,57539.089111328125,57551.001220703125,0,57539
af4db3e4-2f01-40ce-bb36-c9f1f8b420a1,5717,Worker1,57562.205322265625,57574.001220703125,0,57562
af4db3e4-2f01-40ce-bb36-c9f1f8b420a1,5718,Worker1,57565.05029296875,57578.001220703125,0,57565
af4db3e4-2f01-40ce-bb36-c9f1f8b420a1,5719,Worker1,57566.100341796875,57581.001220703125,0,57566
af4db3e4-2f01-40ce-bb36-c9f1f8b420a1,5720,Worker1,57606.17333984375,57627.001220703125,0,57606
af4db3e4-2f01-40ce-bb36-c9f1f8b420a1,5721,Worker1,57610.22119140625,57623.001220703125,0,57610
af4db3e4-2f01-40ce-bb36-c9f1f8b420a1,5722,Worker1,57612.1142578125,57621.001220703125,0,57612
af4db3e4-2f01-40ce-bb36-c9f1f8b420a1,5723,Worker1,57613.104248046875,57644.001220703125,0,57613
af4db3e4-2f01-40ce-bb36-c9f1f8b420a1,5724,Worker1,57638.152099609375,57648.001220703125,0,57638
af4db3e4-2f01-40ce-bb36-c9f1f8b420a1,5725,Worker1,57653.18115234375,57666.001220703125,0,57653
af4db3e4-2f01-40ce-bb36-c9f1f8b420a1,5726,Worker1,57654.103271484375,57665.001220703125,0,57654
af4db3e4-2f01-40ce-bb36-c9f1f8b420a1,5727,Worker1,57706.17822265625,57718.001220703125,0,57706
af4db3e4-2f01-40ce-bb36-c9f1f8b420a1,5728,Worker1,57725.288330078125,57736.001220703125,0,57725
af4db3e4-2f01-40ce-bb36-c9f1f8b420a1,5729,Worker1,57737.1953125,57751.001220703125,0,57737
af4db3e4-2f01-40ce-bb36-c9f1f8b420a1,5730,Worker1,57745.235107421875,57758.001220703125,0,57745
af4db3e4-2f01-40ce-bb36-c9f1f8b420a1,5731,Worker1,57751.205322265625,57762.001220703125,0,57751
af4db3e4-2f01-40ce-bb36-c9f1f8b420a1,5732,Worker1,57771.151123046875,57781.001220703125,0,57771
af4db3e4-2f01-40ce-bb36-c9f1f8b420a1,5733,Worker1,57784.143310546875,57794.001220703125,0,57784
af4db3e4-2f01-40ce-bb36-c9f1f8b420a1,5734,Worker1,57785.09326171875,57796.001220703125,0,57785
af4db3e4-2f01-40ce-bb36-c9f1f8b420a1,5735,Worker1,57791.205322265625,57817.001220703125,0,57791
af4db3e4-2f01-40ce-bb36-c9f1f8b420a1,5736,Worker1,57807.21728515625,57820.001220703125,0,57807
af4db3e4-2f01-40ce-bb36-c9f1f8b420a1,5737,Worker1,57818.210205078125,57830.001220703125,0,57818
af4db3e4-2f01-40ce-bb36-c9f1f8b420a1,5738,Worker1,57825.236328125,57846.001220703125,0,57825
af4db3e4-2f01-40ce-bb36-c9f1f8b420a1,5739,Worker1,57846.17822265625,57858.001220703125,0,57846
af4db3e4-2f01-40ce-bb36-c9f1f8b420a1,5740,Worker1,57849.17333984375,57863.001220703125,0,57849
af4db3e4-2f01-40ce-bb36-c9f1f8b420a1,5741,Worker1,57858.213134765625,57868.001220703125,0,57858
af4db3e4-2f01-40ce-bb36-c9f1f8b420a1,5742,Worker1,57864.2802734375,57877.001220703125,0,57864
af4db3e4-2f01-40ce-bb36-c9f1f8b420a1,5743,Worker1,57880.13818359375,57889.001220703125,0,57880
af4db3e4-2f01-40ce-bb36-c9f1f8b420a1,5744,Worker1,57882.09814453125,57893.001220703125,0,57882
af4db3e4-2f01-40ce-bb36-c9f1f8b420a1,5745,Worker1,57890.1552734375,57901.001220703125,0,57890
af4db3e4-2f01-40ce-bb36-c9f1f8b420a1,5746,Worker1,57911.25732421875,57924.001220703125,0,57911
af4db3e4-2f01-40ce-bb36-c9f1f8b420a1,5747,Worker1,57925.21728515625,57936.001220703125,0,57925
af4db3e4-2f01-40ce-bb36-c9f1f8b420a1,5748,Worker1,57934.17919921875,57943.001220703125,0,57934
af4db3e4-2f01-40ce-bb36-c9f1f8b420a1,5749,Worker1,57940.16015625,57950.001220703125,0,57940
af4db3e4-2f01-40ce-bb36-c9f1f8b420a1,5750,Worker1,57944.142333984375,57958.001220703125,0,57944
af4db3e4-2f01-40ce-bb36-c9f1f8b420a1,5751,Worker1,57946.25732421875,57957.001220703125,0,57946
af4db3e4-2f01-40ce-bb36-c9f1f8b420a1,5752,Worker1,57946.108154296875,57956.001220703125,0,57946
af4db3e4-2f01-40ce-bb36-c9f1f8b420a1,5753,Worker1,57969.17822265625,58003.001220703125,0,57969
af4db3e4-2f01-40ce-bb36-c9f1f8b420a1,5754,Worker1,57972.126220703125,57983.001220703125,0,57972
af4db3e4-2f01-40ce-bb36-c9f1f8b420a1,5755,Worker1,57981.13427734375,58003.001220703125,0,57981
af4db3e4-2f01-40ce-bb36-c9f1f8b420a1,5756,Worker1,58016.248291015625,58029.001220703125,0,58016
af4db3e4-2f01-40ce-bb36-c9f1f8b420a1,5757,Worker1,58034.256103515625,58046.001220703125,0,58034
af4db3e4-2f01-40ce-bb36-c9f1f8b420a1,5759,Worker1,58036.108154296875,58048.001220703125,0,58036
af4db3e4-2f01-40ce-bb36-c9f1f8b420a1,5758,Worker1,58036.26123046875,58049.001220703125,0,58036
af4db3e4-2f01-40ce-bb36-c9f1f8b420a1,5760,Worker1,58059.169189453125,58084.001220703125,0,58059
af4db3e4-2f01-40ce-bb36-c9f1f8b420a1,5761,Worker1,58073.314208984375,58084.001220703125,0,58073
af4db3e4-2f01-40ce-bb36-c9f1f8b420a1,5762,Worker1,58074.09326171875,58084.001220703125,0,58074
af4db3e4-2f01-40ce-bb36-c9f1f8b420a1,5763,Worker1,58080.22216796875,58091.001220703125,0,58080
af4db3e4-2f01-40ce-bb36-c9f1f8b420a1,5764,Worker1,58098.1552734375,58111.001220703125,0,58098
af4db3e4-2f01-40ce-bb36-c9f1f8b420a1,5765,Worker1,58110.128173828125,58120.001220703125,0,58110
af4db3e4-2f01-40ce-bb36-c9f1f8b420a1,5766,Worker1,58118.13232421875,58129.001220703125,0,58118
af4db3e4-2f01-40ce-bb36-c9f1f8b420a1,5767,Worker1,58123.254150390625,58133.001220703125,0,58123
af4db3e4-2f01-40ce-bb36-c9f1f8b420a1,5768,Worker1,58138.29833984375,58150.001220703125,0,58138
af4db3e4-2f01-40ce-bb36-c9f1f8b420a1,5769,Worker1,58148.1611328125,58158.001220703125,0,58148
af4db3e4-2f01-40ce-bb36-c9f1f8b420a1,5770,Worker1,58191.18310546875,58202.001220703125,0,58191
af4db3e4-2f01-40ce-bb36-c9f1f8b420a1,5771,Worker1,58210.171142578125,58222.001220703125,0,58210
af4db3e4-2f01-40ce-bb36-c9f1f8b420a1,5772,Worker1,58212.13232421875,58225.001220703125,0,58212
af4db3e4-2f01-40ce-bb36-c9f1f8b420a1,5773,Worker1,58220.1533203125,58239.001220703125,0,58220
af4db3e4-2f01-40ce-bb36-c9f1f8b420a1,5774,Worker1,58226.146240234375,58241.001220703125,0,58226
af4db3e4-2f01-40ce-bb36-c9f1f8b420a1,5775,Worker1,58241.162109375,58253.001220703125,0,58241
af4db3e4-2f01-40ce-bb36-c9f1f8b420a1,5776,Worker1,58242.09814453125,58252.001220703125,0,58242
af4db3e4-2f01-40ce-bb36-c9f1f8b420a1,5777,Worker1,58249.255126953125,58259.001220703125,0,58249
af4db3e4-2f01-40ce-bb36-c9f1f8b420a1,5778,Worker1,58268.249267578125,58283.001220703125,0,58268
af4db3e4-2f01-40ce-bb36-c9f1f8b420a1,5779,Worker1,58280.231201171875,58293.001220703125,0,58280
af4db3e4-2f01-40ce-bb36-c9f1f8b420a1,5780,Worker1,58281.09423828125,58293.001220703125,0,58281
af4db3e4-2f01-40ce-bb36-c9f1f8b420a1,5781,Worker1,58287.128173828125,58300.001220703125,0,58287
af4db3e4-2f01-40ce-bb36-c9f1f8b420a1,5782,Worker1,58303.287109375,58316.001220703125,0,58303
af4db3e4-2f01-40ce-bb36-c9f1f8b420a1,5784,Worker1,58305.11328125,58317.001220703125,0,58305
af4db3e4-2f01-40ce-bb36-c9f1f8b420a1,5783,Worker1,58305.288330078125,58317.001220703125,0,58305
af4db3e4-2f01-40ce-bb36-c9f1f8b420a1,5785,Worker1,58325.21923828125,58338.001220703125,0,58325
af4db3e4-2f01-40ce-bb36-c9f1f8b420a1,5786,Worker1,58327.09912109375,58339.001220703125,0,58327
af4db3e4-2f01-40ce-bb36-c9f1f8b420a1,5787,Worker1,58328.103271484375,58340.001220703125,0,58328
af4db3e4-2f01-40ce-bb36-c9f1f8b420a1,5788,Worker1,58355.312255859375,58368.001220703125,0,58355
af4db3e4-2f01-40ce-bb36-c9f1f8b420a1,5789,Worker1,58371.274169921875,58383.001220703125,0,58371
af4db3e4-2f01-40ce-bb36-c9f1f8b420a1,5791,Worker1,58382.244140625,58396.001220703125,0,58382
af4db3e4-2f01-40ce-bb36-c9f1f8b420a1,5790,Worker1,58382.110107421875,58392.001220703125,0,58382
af4db3e4-2f01-40ce-bb36-c9f1f8b420a1,5792,Worker1,58387.1552734375,58401.001220703125,0,58387
af4db3e4-2f01-40ce-bb36-c9f1f8b420a1,5793,Worker1,58390.124267578125,58403.001220703125,0,58390
af4db3e4-2f01-40ce-bb36-c9f1f8b420a1,5794,Worker1,58391.104248046875,58402.001220703125,0,58391
af4db3e4-2f01-40ce-bb36-c9f1f8b420a1,5795,Worker1,58397.233154296875,58408.001220703125,0,58397
af4db3e4-2f01-40ce-bb36-c9f1f8b420a1,5796,Worker1,58413.246337890625,58422.001220703125,0,58413
af4db3e4-2f01-40ce-bb36-c9f1f8b420a1,5797,Worker1,58424.115234375,58436.001220703125,0,58424
af4db3e4-2f01-40ce-bb36-c9f1f8b420a1,5798,Worker1,58431.30322265625,58451.001220703125,0,58431
af4db3e4-2f01-40ce-bb36-c9f1f8b420a1,5799,Worker1,58452.3212890625,58475.001220703125,0,58452
af4db3e4-2f01-40ce-bb36-c9f1f8b420a1,5800,Worker1,58465.213134765625,58478.001220703125,0,58465
af4db3e4-2f01-40ce-bb36-c9f1f8b420a1,5801,Worker1,58466.09326171875,58477.001220703125,0,58466
af4db3e4-2f01-40ce-bb36-c9f1f8b420a1,5802,Worker1,58497.277099609375,58508.001220703125,0,58497
af4db3e4-2f01-40ce-bb36-c9f1f8b420a1,5803,Worker1,58514.1943359375,58525.001220703125,0,58514
af4db3e4-2f01-40ce-bb36-c9f1f8b420a1,5804,Worker1,58516.106201171875,58530.001220703125,0,58516
af4db3e4-2f01-40ce-bb36-c9f1f8b420a1,5805,Worker1,58523.2822265625,58537.001220703125,0,58523
af4db3e4-2f01-40ce-bb36-c9f1f8b420a1,5806,Worker1,58545.171142578125,58557.001220703125,0,58545
af4db3e4-2f01-40ce-bb36-c9f1f8b420a1,5807,Worker1,58548.1123046875,58561.001220703125,0,58548
af4db3e4-2f01-40ce-bb36-c9f1f8b420a1,5808,Worker1,58557.310302734375,58577.001220703125,0,58557
af4db3e4-2f01-40ce-bb36-c9f1f8b420a1,5809,Worker1,58563.1962890625,58582.001220703125,0,58563
af4db3e4-2f01-40ce-bb36-c9f1f8b420a1,5810,Worker1,58567.09619140625,58580.001220703125,0,58567
af4db3e4-2f01-40ce-bb36-c9f1f8b420a1,5811,Worker1,58578.147216796875,58597.001220703125,0,58578
af4db3e4-2f01-40ce-bb36-c9f1f8b420a1,5812,Worker1,58578.29833984375,58591.001220703125,0,58578
af4db3e4-2f01-40ce-bb36-c9f1f8b420a1,5813,Worker1,58601.297119140625,58614.001220703125,0,58601
af4db3e4-2f01-40ce-bb36-c9f1f8b420a1,5814,Worker1,58615.267333984375,58627.001220703125,0,58615
af4db3e4-2f01-40ce-bb36-c9f1f8b420a1,5815,Worker1,58616.108154296875,58629.001220703125,0,58616
af4db3e4-2f01-40ce-bb36-c9f1f8b420a1,5816,Worker1,58622.15625,58644.001220703125,0,58622
af4db3e4-2f01-40ce-bb36-c9f1f8b420a1,5817,Worker1,58626.246337890625,58637.001220703125,0,58626
af4db3e4-2f01-40ce-bb36-c9f1f8b420a1,5818,Worker1,58628.104248046875,58642.001220703125,0,58628
af4db3e4-2f01-40ce-bb36-c9f1f8b420a1,5819,Worker1,58629.1181640625,58639.001220703125,0,58629
af4db3e4-2f01-40ce-bb36-c9f1f8b420a1,5820,Worker1,58652.2041015625,58663.001220703125,0,58652
af4db3e4-2f01-40ce-bb36-c9f1f8b420a1,5821,Worker1,58666.13330078125,58678.001220703125,0,58666
af4db3e4-2f01-40ce-bb36-c9f1f8b420a1,5822,Worker1,58676.212158203125,58688.001220703125,0,58676
af4db3e4-2f01-40ce-bb36-c9f1f8b420a1,5823,Worker1,58716.30322265625,58727.001220703125,0,58716
af4db3e4-2f01-40ce-bb36-c9f1f8b420a1,5824,Worker1,58734.230224609375,58763.001220703125,0,58734
af4db3e4-2f01-40ce-bb36-c9f1f8b420a1,5825,Worker1,58746.1572265625,58756.001220703125,0,58746
af4db3e4-2f01-40ce-bb36-c9f1f8b420a1,5826,Worker1,58747.101318359375,58759.001220703125,0,58747
af4db3e4-2f01-40ce-bb36-c9f1f8b420a1,5827,Worker1,58772.23828125,58782.001220703125,0,58772
af4db3e4-2f01-40ce-bb36-c9f1f8b420a1,5828,Worker1,58787.232177734375,58801.001220703125,0,58787
af4db3e4-2f01-40ce-bb36-c9f1f8b420a1,5829,Worker1,58797.248291015625,58808.001220703125,0,58797
af4db3e4-2f01-40ce-bb36-c9f1f8b420a1,5830,Worker1,58804.122314453125,58816.001220703125,0,58804
af4db3e4-2f01-40ce-bb36-c9f1f8b420a1,5831,Worker1,58823.295166015625,58835.001220703125,0,58823
af4db3e4-2f01-40ce-bb36-c9f1f8b420a1,5832,Worker1,58825.109130859375,58839.001220703125,0,58825
af4db3e4-2f01-40ce-bb36-c9f1f8b420a1,5833,Worker1,58826.108154296875,58837.001220703125,0,58826
af4db3e4-2f01-40ce-bb36-c9f1f8b420a1,5834,Worker1,58832.147216796875,58843.001220703125,0,58832
af4db3e4-2f01-40ce-bb36-c9f1f8b420a1,5835,Worker1,58847.233154296875,58859.001220703125,0,58847
af4db3e4-2f01-40ce-bb36-c9f1f8b420a1,5836,Worker1,58849.1953125,58875.001220703125,0,58849
af4db3e4-2f01-40ce-bb36-c9f1f8b420a1,5837,Worker1,58856.189208984375,58869.001220703125,0,58856
af4db3e4-2f01-40ce-bb36-c9f1f8b420a1,5838,Worker1,58860.100341796875,58876.001220703125,0,58860
af4db3e4-2f01-40ce-bb36-c9f1f8b420a1,5839,Worker1,58872.17724609375,58883.001220703125,0,58872
af4db3e4-2f01-40ce-bb36-c9f1f8b420a1,5840,Worker1,58873.089111328125,58893.001220703125,0,58873
af4db3e4-2f01-40ce-bb36-c9f1f8b420a1,5841,Worker1,58879.322265625,58895.001220703125,0,58879
af4db3e4-2f01-40ce-bb36-c9f1f8b420a1,5842,Worker1,58882.190185546875,58894.001220703125,0,58882
af4db3e4-2f01-40ce-bb36-c9f1f8b420a1,5843,Worker1,58893.193115234375,58908.001220703125,0,58893
af4db3e4-2f01-40ce-bb36-c9f1f8b420a1,5844,Worker1,58893.372314453125,58905.001220703125,0,58893
af4db3e4-2f01-40ce-bb36-c9f1f8b420a1,5845,Worker1,58913.213134765625,58924.001220703125,0,58913
af4db3e4-2f01-40ce-bb36-c9f1f8b420a1,5846,Worker1,58926.231201171875,58939.001220703125,0,58926
af4db3e4-2f01-40ce-bb36-c9f1f8b420a1,5847,Worker1,58935.270263671875,58955.001220703125,0,58935
af4db3e4-2f01-40ce-bb36-c9f1f8b420a1,5848,Worker1,58963.22021484375,58977.001220703125,0,58963
af4db3e4-2f01-40ce-bb36-c9f1f8b420a1,5849,Worker1,58967.162109375,58980.001220703125,0,58967
af4db3e4-2f01-40ce-bb36-c9f1f8b420a1,5850,Worker1,58969.1142578125,58981.001220703125,0,58969
af4db3e4-2f01-40ce-bb36-c9f1f8b420a1,5851,Worker1,58969.1201171875,58981.001220703125,0,58969
af4db3e4-2f01-40ce-bb36-c9f1f8b420a1,5852,Worker1,58974.169189453125,58985.001220703125,0,58974
af4db3e4-2f01-40ce-bb36-c9f1f8b420a1,5853,Worker1,58977.11328125,58987.001220703125,0,58977
af4db3e4-2f01-40ce-bb36-c9f1f8b420a1,5854,Worker1,58986.30615234375,58997.001220703125,0,58986
af4db3e4-2f01-40ce-bb36-c9f1f8b420a1,5855,Worker1,59016.22216796875,59031.001220703125,0,59016
af4db3e4-2f01-40ce-bb36-c9f1f8b420a1,5856,Worker1,59020.163330078125,59043.001220703125,0,59020
af4db3e4-2f01-40ce-bb36-c9f1f8b420a1,5857,Worker1,59022.102294921875,59043.001220703125,0,59022
af4db3e4-2f01-40ce-bb36-c9f1f8b420a1,5858,Worker1,59029.09619140625,59041.001220703125,0,59029
af4db3e4-2f01-40ce-bb36-c9f1f8b420a1,5859,Worker1,59034.1162109375,59050.001220703125,0,59034
af4db3e4-2f01-40ce-bb36-c9f1f8b420a1,5860,Worker1,59047.205322265625,59057.001220703125,0,59047
af4db3e4-2f01-40ce-bb36-c9f1f8b420a1,5861,Worker1,59048.100341796875,59062.001220703125,0,59048
af4db3e4-2f01-40ce-bb36-c9f1f8b420a1,5862,Worker1,59054.2451171875,59067.001220703125,0,59054
af4db3e4-2f01-40ce-bb36-c9f1f8b420a1,5863,Worker1,59058.30517578125,59071.001220703125,0,59058
af4db3e4-2f01-40ce-bb36-c9f1f8b420a1,5864,Worker1,59069.26025390625,59082.001220703125,0,59069
af4db3e4-2f01-40ce-bb36-c9f1f8b420a1,5865,Worker1,59069.269287109375,59089.001220703125,0,59069
af4db3e4-2f01-40ce-bb36-c9f1f8b420a1,5866,Worker1,59074.188232421875,59088.001220703125,0,59074
af4db3e4-2f01-40ce-bb36-c9f1f8b420a1,5867,Worker1,59088.207275390625,59104.001220703125,0,59088
af4db3e4-2f01-40ce-bb36-c9f1f8b420a1,5868,Worker1,59097.273193359375,59110.001220703125,0,59097
af4db3e4-2f01-40ce-bb36-c9f1f8b420a1,5869,Worker1,59103.21826171875,59119.001220703125,0,59103
af4db3e4-2f01-40ce-bb36-c9f1f8b420a1,5870,Worker1,59120.169189453125,59133.001220703125,0,59120
af4db3e4-2f01-40ce-bb36-c9f1f8b420a1,5871,Worker1,59122.107177734375,59134.001220703125,0,59122
af4db3e4-2f01-40ce-bb36-c9f1f8b420a1,5872,Worker1,59130.1171875,59143.001220703125,0,59130
af4db3e4-2f01-40ce-bb36-c9f1f8b420a1,5873,Worker1,59135.25732421875,59149.001220703125,0,59135
af4db3e4-2f01-40ce-bb36-c9f1f8b420a1,5874,Worker1,59149.30029296875,59159.001220703125,0,59149
af4db3e4-2f01-40ce-bb36-c9f1f8b420a1,5875,Worker1,59159.30224609375,59171.001220703125,0,59159
af4db3e4-2f01-40ce-bb36-c9f1f8b420a1,5876,Worker1,59165.2373046875,59176.001220703125,0,59165
af4db3e4-2f01-40ce-bb36-c9f1f8b420a1,5877,Worker1,59183.1591796875,59197.001220703125,0,59183
af4db3e4-2f01-40ce-bb36-c9f1f8b420a1,5879,Worker1,59185.11328125,59198.001220703125,0,59185
af4db3e4-2f01-40ce-bb36-c9f1f8b420a1,5878,Worker1,59185.292236328125,59197.001220703125,0,59185
af4db3e4-2f01-40ce-bb36-c9f1f8b420a1,5880,Worker1,59209.130126953125,59219.001220703125,0,59209
af4db3e4-2f01-40ce-bb36-c9f1f8b420a1,5881,Worker1,59212.122314453125,59221.001220703125,0,59212
af4db3e4-2f01-40ce-bb36-c9f1f8b420a1,5882,Worker1,59222.26611328125,59232.001220703125,0,59222
af4db3e4-2f01-40ce-bb36-c9f1f8b420a1,5883,Worker1,59263.2802734375,59274.001220703125,0,59263
af4db3e4-2f01-40ce-bb36-c9f1f8b420a1,5884,Worker1,59281.290283203125,59303.001220703125,0,59281
af4db3e4-2f01-40ce-bb36-c9f1f8b420a1,5885,Worker1,59293.205322265625,59305.001220703125,0,59293
af4db3e4-2f01-40ce-bb36-c9f1f8b420a1,5886,Worker1,59301.143310546875,59310.001220703125,0,59301
af4db3e4-2f01-40ce-bb36-c9f1f8b420a1,5887,Worker1,59326.21533203125,59337.001220703125,0,59326
af4db3e4-2f01-40ce-bb36-c9f1f8b420a1,5888,Worker1,59329.115234375,59341.001220703125,0,59329
af4db3e4-2f01-40ce-bb36-c9f1f8b420a1,5889,Worker1,59339.213134765625,59351.001220703125,0,59339
af4db3e4-2f01-40ce-bb36-c9f1f8b420a1,5890,Worker1,59346.251220703125,59356.001220703125,0,59346
af4db3e4-2f01-40ce-bb36-c9f1f8b420a1,5891,Worker1,59365.209228515625,59374.001220703125,0,59365
af4db3e4-2f01-40ce-bb36-c9f1f8b420a1,5892,Worker1,59377.2041015625,59404.001220703125,0,59377
af4db3e4-2f01-40ce-bb36-c9f1f8b420a1,5893,Worker1,59388.13916015625,59406.001220703125,0,59388
af4db3e4-2f01-40ce-bb36-c9f1f8b420a1,5894,Worker1,59395.225341796875,59405.001220703125,0,59395
af4db3e4-2f01-40ce-bb36-c9f1f8b420a1,5895,Worker1,59415.207275390625,59428.001220703125,0,59415
af4db3e4-2f01-40ce-bb36-c9f1f8b420a1,5896,Worker1,59428.13818359375,59443.001220703125,0,59428
af4db3e4-2f01-40ce-bb36-c9f1f8b420a1,5897,Worker1,59437.236328125,59448.001220703125,0,59437
af4db3e4-2f01-40ce-bb36-c9f1f8b420a1,5898,Worker1,59443.272216796875,59454.001220703125,0,59443
af4db3e4-2f01-40ce-bb36-c9f1f8b420a1,5899,Worker1,59459.254150390625,59474.001220703125,0,59459
af4db3e4-2f01-40ce-bb36-c9f1f8b420a1,5900,Worker1,59470.22216796875,59482.001220703125,0,59470
af4db3e4-2f01-40ce-bb36-c9f1f8b420a1,5901,Worker1,59477.251220703125,59488.001220703125,0,59477
af4db3e4-2f01-40ce-bb36-c9f1f8b420a1,5902,Worker1,59482.111328125,59493.001220703125,0,59482
af4db3e4-2f01-40ce-bb36-c9f1f8b420a1,5903,Worker1,59485.294189453125,59494.001220703125,0,59485
af4db3e4-2f01-40ce-bb36-c9f1f8b420a1,5904,Worker1,59494.186279296875,59504.001220703125,0,59494
af4db3e4-2f01-40ce-bb36-c9f1f8b420a1,5905,Worker1,59500.227294921875,59511.001220703125,0,59500
af4db3e4-2f01-40ce-bb36-c9f1f8b420a1,5906,Worker1,59517.292236328125,59530.001220703125,0,59517
af4db3e4-2f01-40ce-bb36-c9f1f8b420a1,5908,Worker1,59519.1181640625,59535.001220703125,0,59519
af4db3e4-2f01-40ce-bb36-c9f1f8b420a1,5907,Worker1,59519.1142578125,59531.001220703125,0,59519
af4db3e4-2f01-40ce-bb36-c9f1f8b420a1,5909,Worker1,59524.1591796875,59536.001220703125,0,59524
af4db3e4-2f01-40ce-bb36-c9f1f8b420a1,5910,Worker1,59538.146240234375,59550.001220703125,0,59538
af4db3e4-2f01-40ce-bb36-c9f1f8b420a1,5911,Worker1,59547.13525390625,59561.001220703125,0,59547
af4db3e4-2f01-40ce-bb36-c9f1f8b420a1,5912,Worker1,59579.279296875,59591.001220703125,0,59579
af4db3e4-2f01-40ce-bb36-c9f1f8b420a1,5913,Worker1,59583.13720703125,59596.001220703125,0,59583
af4db3e4-2f01-40ce-bb36-c9f1f8b420a1,5914,Worker1,59594.209228515625,59605.001220703125,0,59594
af4db3e4-2f01-40ce-bb36-c9f1f8b420a1,5915,Worker1,59602.244140625,59615.001220703125,0,59602
af4db3e4-2f01-40ce-bb36-c9f1f8b420a1,5916,Worker1,59624.127197265625,59644.001220703125,0,59624
af4db3e4-2f01-40ce-bb36-c9f1f8b420a1,5917,Worker1,59638.17333984375,59650.001220703125,0,59638
af4db3e4-2f01-40ce-bb36-c9f1f8b420a1,5918,Worker1,59647.26416015625,59663.001220703125,0,59647
af4db3e4-2f01-40ce-bb36-c9f1f8b420a1,5919,Worker1,59653.30712890625,59664.001220703125,0,59653
af4db3e4-2f01-40ce-bb36-c9f1f8b420a1,5920,Worker1,59671.167236328125,59682.001220703125,0,59671
af4db3e4-2f01-40ce-bb36-c9f1f8b420a1,5921,Worker1,59683.2412109375,59704.001220703125,0,59683
af4db3e4-2f01-40ce-bb36-c9f1f8b420a1,5922,Worker1,59691.3203125,59701.001220703125,0,59691
af4db3e4-2f01-40ce-bb36-c9f1f8b420a1,5923,Worker1,59715.297119140625,59728.001220703125,0,59715
af4db3e4-2f01-40ce-bb36-c9f1f8b420a1,5924,Worker1,59718.131103515625,59730.001220703125,0,59718
af4db3e4-2f01-40ce-bb36-c9f1f8b420a1,5925,Worker1,59728.18212890625,59738.001220703125,0,59728
af4db3e4-2f01-40ce-bb36-c9f1f8b420a1,5926,Worker1,59734.13916015625,59749.001220703125,0,59734
af4db3e4-2f01-40ce-bb36-c9f1f8b420a1,5927,Worker1,59752.148193359375,59775.001220703125,0,59752
af4db3e4-2f01-40ce-bb36-c9f1f8b420a1,5928,Worker1,59754.115234375,59766.001220703125,0,59754
af4db3e4-2f01-40ce-bb36-c9f1f8b420a1,5929,Worker1,59762.123291015625,59784.001220703125,0,59762
af4db3e4-2f01-40ce-bb36-c9f1f8b420a1,5930,Worker1,59767.125244140625,59778.001220703125,0,59767
af4db3e4-2f01-40ce-bb36-c9f1f8b420a1,5931,Worker1,59770.164306640625,59784.001220703125,0,59770
af4db3e4-2f01-40ce-bb36-c9f1f8b420a1,5932,Worker1,59771.09912109375,59782.001220703125,0,59771
af4db3e4-2f01-40ce-bb36-c9f1f8b420a1,5933,Worker1,59813.230224609375,59826.001220703125,0,59813
af4db3e4-2f01-40ce-bb36-c9f1f8b420a1,5934,Worker1,59817.26416015625,59829.001220703125,0,59817
af4db3e4-2f01-40ce-bb36-c9f1f8b420a1,5935,Worker1,59829.235107421875,59844.001220703125,0,59829
af4db3e4-2f01-40ce-bb36-c9f1f8b420a1,5936,Worker1,59830.09033203125,59841.001220703125,0,59830
af4db3e4-2f01-40ce-bb36-c9f1f8b420a1,5937,Worker1,59855.163330078125,59867.001220703125,0,59855
af4db3e4-2f01-40ce-bb36-c9f1f8b420a1,5938,Worker1,59858.13818359375,59871.001220703125,0,59858
af4db3e4-2f01-40ce-bb36-c9f1f8b420a1,5939,Worker1,59859.104248046875,59868.001220703125,0,59859
af4db3e4-2f01-40ce-bb36-c9f1f8b420a1,5940,Worker1,59866.210205078125,59891.001220703125,0,59866
af4db3e4-2f01-40ce-bb36-c9f1f8b420a1,5941,Worker1,59870.170166015625,59880.001220703125,0,59870
af4db3e4-2f01-40ce-bb36-c9f1f8b420a1,5942,Worker1,59872.109130859375,59885.001220703125,0,59872
af4db3e4-2f01-40ce-bb36-c9f1f8b420a1,5943,Worker1,59873.09814453125,59887.001220703125,0,59873
af4db3e4-2f01-40ce-bb36-c9f1f8b420a1,5944,Worker1,59879.206298828125,59891.001220703125,0,59879
af4db3e4-2f01-40ce-bb36-c9f1f8b420a1,5945,Worker1,59894.127197265625,59920.001220703125,0,59894
af4db3e4-2f01-40ce-bb36-c9f1f8b420a1,5946,Worker1,59896.105224609375,59908.001220703125,0,59896
af4db3e4-2f01-40ce-bb36-c9f1f8b420a1,5947,Worker1,59903.277099609375,59912.001220703125,0,59903
af4db3e4-2f01-40ce-bb36-c9f1f8b420a1,5948,Worker1,59923.214111328125,59942.001220703125,0,59923
af4db3e4-2f01-40ce-bb36-c9f1f8b420a1,5949,Worker1,59936.17431640625,59949.001220703125,0,59936
af4db3e4-2f01-40ce-bb36-c9f1f8b420a1,5950,Worker1,59937.09619140625,59947.001220703125,0,59937
af4db3e4-2f01-40ce-bb36-c9f1f8b420a1,5951,Worker1,59965.250244140625,59977.001220703125,0,59965
af4db3e4-2f01-40ce-bb36-c9f1f8b420a1,5952,Worker1,59981.30517578125,59990.001220703125,0,59981
af4db3e4-2f01-40ce-bb36-c9f1f8b420a1,5953,Worker1,59992.214111328125,60011.001220703125,0,59992
af4db3e4-2f01-40ce-bb36-c9f1f8b420a1,5954,Worker1,59992.353271484375,60006.001220703125,0,59992
af4db3e4-2f01-40ce-bb36-c9f1f8b420a1,5955,Worker1,59997.121337890625,60010.001220703125,0,59997
